1 0.314009259375 0.33328372968750003 0.3165181875 0.3336924609375 0.31793783124999997 0.3347862109375 0.32033697031249997 0.3344126984375 0.3214047625 0.33377554531250003 0.321505621875 0.3327619046875 0.32431812187500003 0.3332986109375 0.32591567499999996 0.332813740625 0.32681051562499996 0.33059895781250004 0.32742493437500003 0.328084821875 0.32766832031250004 0.32601661718749997 0.32722453749999997 0.3233129953125 0.3256114421875 0.32192261875 0.3203561515625 0.32050694375 0.3179695765625 0.321184771875 0.31551851875 0.32257886875 0.3140522484375 0.32188665625 0.3131130953125 0.32810863125 0.31317295 0.3314446921875 0.314009259375 0.33328372968750003
1 0.35565410000000003 0.39690426562500003 0.35705588593750004 0.3990709328125 0.3568187828125 0.402059771875 0.35694014531249996 0.40530009843750003 0.3578829359375 0.4085771328125 0.36042691875 0.4115915171875 0.3632549609375 0.4114712296875 0.364814153125 0.41240426562500004 0.366796296875 0.4123725203125 0.36896693125 0.411015625 0.37110978906250003 0.4080404265625 0.371203703125 0.40451116093749995 0.3706038359375 0.39981175625 0.3679880953125 0.39494766875 0.36645205000000003 0.39424479218749997 0.36459060781249997 0.3922291671875 0.362350859375 0.3907313984375 0.3601332671875 0.3900498515625 0.359134259375 0.389008928125 0.358954034375 0.388707340625 0.3576296296875 0.38948412656250003 0.3562764546875 0.391423115625 0.3552800921875 0.39390079375 0.35565410000000003 0.39690426562500003
1 0.366395503125 0.4692390875 0.36691137500000004 0.472007440625 0.36597420625 0.47364806562500006 0.3645780421875 0.47476512968750006 0.364917328125 0.476521825 0.365711309375 0.47901736093749997 0.3664775125 0.4823869046875 0.366286375 0.48391914687500004 0.36612169375 0.48513268906249996 0.3665042984375 0.48649305624999994 0.36859556875 0.4899134421875 0.3693131609375 0.492103421875 0.3719656078125 0.4948970734375 0.3743958328125 0.4962571921875 0.37590939218749997 0.49701562499999996 0.379509590625 0.4960391859375 0.3809417984375 0.495858134375 0.38187103125 0.497132440625 0.382598875 0.4984067453125 0.3843148140625 0.4961530265625 0.38313988125 0.49470238125000005 0.3817308203125 0.49150644843749997 0.38025198437499996 0.48760863125 0.3797417328125 0.4850029765625 0.377865409375 0.48187524843749996 0.37731911406249996 0.47675892812500004 0.377082340625 0.475044146875 0.3754203046875 0.4727204859375 0.3753591265625 0.47155084374999995 0.3748406078125 0.4708025796875 0.37272585937499997 0.46887450468749997 0.36889715624999997 0.4665649796875 0.3674199734375 0.4665307546875 0.366395503125 0.4692390875
1 0.3829718921875 0.46576165625000004 0.3853462296875 0.467371528125 0.3866001984375 0.466662946875 0.386839615625 0.4654325390625 0.385689484375 0.4622837296875 0.38444543593749997 0.45908829375 0.383031084375 0.45872544687500005 0.381053240625 0.4611401296875 0.3816074734375 0.463701140625 0.3829718921875 0.46576165625000004
1 0.38786739375 0.5565404265625 0.3892562828125 0.5584546125000001 0.3906243390625 0.560198909375 0.3923501984375 0.5609528765625 0.394146825 0.5616810515624999 0.3949527109375 0.560492559375 0.3961481484375 0.5588901296875 0.39594279062500004 0.5562150296875 0.39573743437500003 0.55397891875 0.3945813484375 0.5511783234375 0.3918859125 0.548798115625 0.38954398125 0.5475124015625 0.3879375 0.5482534718750001 0.38639914062499997 0.5497919140625 0.3863002640625 0.551771578125 0.38786739375 0.5565404265625
1 0.41763888906249996 0.5351279765625 0.419138228125 0.536771578125 0.4205942453125 0.5384704859375 0.42180290937500003 0.5396790671875 0.4229755296875 0.5390017359375 0.42066170625000004 0.5315984625 0.41906580625 0.5284032734374999 0.41774404687500005 0.5251671625000001 0.41617327968750006 0.5278484625 0.41613194375000007 0.53034920625 0.41678935156249997 0.5338536703125001 0.41763888906249996 0.5351279765625
1 0.4220231484375 0.5815927578125 0.42186904687500004 0.584417659375 0.4228148140625 0.58726165625 0.423608465625 0.589684028125 0.42433465625 0.5916309531249999 0.4257288359375 0.5956572421875 0.4268958328125 0.599019840625 0.4277285046875 0.6015865578125 0.428876653125 0.603457340625 0.43005853125 0.6047036203125 0.430038690625 0.60676165625 0.429814484375 0.6080307546875 0.43000793593750003 0.610228421875 0.43031746093749995 0.612003471875 0.431339946875 0.61417584375 0.43182473593750004 0.6155233140624999 0.43282308125 0.618944196875 0.434057209375 0.6212219734375 0.43438062187500004 0.6229588296874999 0.43562863749999997 0.6253588796875 0.43831514531250004 0.6258583828125001 0.44246957656249997 0.6253020828125 0.4430906078125 0.6240282734375 0.44441302968749996 0.62756175625 0.44592658749999997 0.6286071421874999 0.44864384843750005 0.6286376484375 0.4503429234375 0.6273804562499999 0.450848875 0.62291319375 0.45147122968750003 0.6215473703125001 0.4511888234375 0.617992559375 0.4488941796875 0.6156021828125 0.4473171296875 0.6141183031249999 0.4458263890625 0.611647321875 0.443834325 0.6082757937500001 0.43937764531249995 0.6028571421875 0.4378720234375 0.602137896875 0.43624768593749996 0.5997157734375 0.43574305625000004 0.5973412703125 0.43572949687499996 0.59475868125 0.43364748750000004 0.591283234375 0.43247189218750004 0.5887219734375 0.4319702375 0.5873474703125 0.4310710984375 0.5860280265625 0.4298538359375 0.5843839281250001 0.4288964953125 0.5831207843749999 0.4275740734375 0.58186954375 0.4245251328125 0.57982266875 0.4232268515625 0.5803201890625 0.4220231484375 0.5815927578125
1 0.42662996093750005 0.613599703125 0.4285413359375 0.61403521875 0.4289183203125 0.6129126984375 0.4287129625 0.6113055562499999 0.42820138906249994 0.6096046625 0.4276220234375 0.608453125 0.42669212968750003 0.6078953375 0.4259004625 0.6089345234375 0.42571759218749994 0.61070709375 0.42662996093750005 0.613599703125
1 0.43355191875 0.63327728125 0.43087202343750003 0.6341691468749999 0.43151917968750003 0.635334821875 0.43279298906249997 0.639023065625 0.433329034375 0.641524553125 0.4337490078125 0.6432509921875 0.43520238125 0.6475302578125001 0.43589252656250005 0.6495024796875 0.43632572812500003 0.6514389875 0.43604795 0.653168403125 0.43626851875000006 0.65484449375 0.43717394218749994 0.65721329375 0.43817890156250006 0.6591145828125 0.4395138890625 0.6600853171875001 0.4413611109375 0.659810515625 0.44261507968749997 0.6587966265625 0.44358366406250005 0.65705853125 0.44468022500000004 0.6552016375 0.4463316796875 0.6550942453124999 0.44687632343750006 0.65635069375 0.447361771875 0.6572609125 0.4496845234375 0.6582658734375 0.45000793593750005 0.6593278765624999 0.45085747343750004 0.6605111609375001 0.45207109843750004 0.659863590625 0.452152115625 0.6580208328125 0.4522523140625 0.6536912203125 0.45045238125 0.6512966265625 0.44911309531250004 0.648259425 0.4479629625 0.6459144343750001 0.44695734062500003 0.6428234125000001 0.445848875 0.640888640625 0.44474040937500003 0.6400587796874999 0.4438005953125 0.6391564984375 0.4431881609375 0.6378645828125 0.44227149531250004 0.6365786203125 0.4411643515625 0.6342633921874999 0.439223875 0.6343018359375 0.43738425937500003 0.634705109375 0.435803571875 0.6336842765624999 0.43355191875 0.63327728125
1 0.45348577968750003 0.67241493125 0.455258928125 0.67320386875 0.456108465625 0.6723127484375 0.4555879625 0.6703985609374999 0.45486375625 0.6688432546875 0.4537341265625 0.666209821875 0.452208003125 0.6665533234375001 0.45114318750000004 0.6673117562499999 0.4520542328125 0.6703747515625 0.45348577968750003 0.67241493125
1 0.4240515875 0.68471800625 0.425064153125 0.6866981640625001 0.4264338625 0.6881314484375001 0.42822685156249995 0.6897609124999999 0.4288928578125 0.6907140375 0.43072321406249997 0.691679315625 0.4314513890625 0.6910329859375001 0.4313280421875 0.6886351687500001 0.430898809375 0.6865220734374999 0.430222884375 0.6843963296875 0.42940872968750005 0.682938740625 0.4285929234375 0.681977678125 0.4279404765625 0.6801483140625 0.42668353124999997 0.6793454859375 0.4249239421875 0.6802963796875 0.42372784374999994 0.682240328125 0.4240515875 0.68471800625
1 0.4648964953125 0.70526636875 0.46622023749999997 0.707071428125 0.46777447031249997 0.708465278125 0.46894742031250003 0.7081870046875001 0.4700155421875 0.706722221875 0.47021461562500005 0.705134425 0.4699308859375 0.7031733625000001 0.46868253906249996 0.7006827875 0.46774007968750003 0.699884671875 0.4665932546875 0.6991158234375 0.46588293593749996 0.6980642359375 0.465540675 0.6979526296875 0.46382738124999995 0.6986557546875 0.4634933859375 0.700678075 0.46397255312499996 0.7028244046875 0.4648964953125 0.70526636875
1 0.44706051562500004 0.7008028281249999 0.44875959062500004 0.6998189484374999 0.44871792343749994 0.6967814984375 0.4481504625 0.6951356640624999 0.44719113750000006 0.6938134921875 0.44577976250000007 0.692663690625 0.444836309375 0.69207886875 0.44488492031250004 0.6921587296875 0.44142129687500004 0.6947693453125 0.4431881609375 0.6980441468749999 0.444053240625 0.6997936515625 0.44706051562500004 0.7008028281249999