1 0.4031372359375 0.48718204375 0.40431183906249996 0.4923903765625 0.40509755312499995 0.49972420624999997 0.40835813437499996 0.5051827875 0.41362400781249997 0.5076879953125 0.4187880296875 0.5080471234374999 0.423170634375 0.5044942953125 0.4239067453125 0.5008854171875 0.42395436562500005 0.4931247515625 0.4217579359375 0.48824851249999995 0.419365740625 0.48648387968750006 0.4182384265625 0.48479389843750004 0.4160515875 0.48253323437500006 0.4139398140625 0.48057539687500006 0.41082209062499997 0.47994097187499996 0.4086107796875 0.4784997515625 0.4061832015625 0.48056646875000003 0.404818121875 0.48264087343749995 0.40337929843750003 0.4843107640625 0.4031372359375 0.48718204375
1 0.345616071875 0.402493303125 0.3463902109375 0.40555009843749995 0.347869378125 0.4066875 0.3504404765625 0.4071560015625 0.35320238125 0.4088509421875 0.356031415625 0.40784945468749995 0.358833003125 0.407169890625 0.36171527812500004 0.40723660781250004 0.3624550265625 0.404987103125 0.36283234062499997 0.400326140625 0.3610505953125 0.39557986093749997 0.358362103125 0.3917946421875 0.350623015625 0.3897782734375 0.34737268593750004 0.3903603671875 0.346196759375 0.3920498515625 0.34313591250000003 0.39263814531249996 0.343123346875 0.3945639875 0.34440806875 0.3976822921875 0.345616071875 0.402493303125
1 0.41010515937500003 0.5840329859375 0.40888822812500003 0.5901369046875 0.41061408750000006 0.5961450890625 0.41053042343749996 0.6014858624999999 0.4146679890625 0.607601934375 0.41716501250000004 0.6106178078125 0.41900727499999996 0.6125076890625001 0.42246957656250006 0.6137048609375 0.42637466875 0.6117919140625 0.4295264546875 0.6134861109374999 0.42841369062499995 0.6066835312500001 0.427009590625 0.600649553125 0.42482308125 0.591861359375 0.41953372968749997 0.5794722218749999 0.413728175 0.575509425 0.4117414015625 0.5764640375 0.41239484062500004 0.5819766859375 0.41010515937500003 0.5840329859375
1 0.43446527812499997 0.5760138890625 0.43761111093749994 0.5754913187499999 0.4372318125 0.5714682546875001 0.4358614421875 0.5672978671875 0.43572453749999995 0.5671984125 0.43257738124999995 0.567065971875 0.43127943125 0.5688861609375 0.431828703125 0.5734707343750001 0.43446527812499997 0.5760138890625
1 0.431075396875 0.6838296125000001 0.4326937828125 0.68947271875 0.43529563437499996 0.6915327375 0.440255953125 0.6920017359374999 0.44200496093749997 0.6875334828125 0.438646825 0.677752728125 0.4378078703125 0.677383184375 0.434056878125 0.6755 0.43127744687499997 0.676165921875 0.43068948437500004 0.6806671625 0.431075396875 0.6838296125000001
1 0.4700727515625 0.6547604171875 0.47042625625 0.65834920625 0.4730833328125 0.6629268359375 0.4752744703125 0.6640811015625 0.4763872359375 0.6649370046875 0.47843716875000003 0.6657353671874999 0.4793611109375 0.6638286203125 0.47877149531249996 0.6596904765625 0.4769308859375 0.6532626484375 0.4754457671875 0.6491274796875001 0.4753379625 0.648930059375 0.47280654687499996 0.6479451890625 0.47115443125 0.6497869546875 0.46967989374999997 0.6519947921875 0.4700727515625 0.6547604171875
1 0.47194907343750003 0.7169997515625 0.474373015625 0.7262234624999999 0.4770119046875 0.73928125 0.47918485468750005 0.744483134375 0.482638228125 0.7591021828125 0.485802909375 0.7706743546875 0.49369444375000004 0.7690079359374999 0.4962083328125 0.7698891375 0.49793485468750004 0.7718043156250001 0.5037056875 0.7717829859374999 0.5056091265625 0.7651512890625 0.5077791 0.764382440625 0.5060588625 0.7572423109375 0.5020744046875001 0.755847965625 0.49900959062499994 0.7497239578125 0.49225959062499997 0.7423439984375 0.49010416718750005 0.7421001984375 0.487501984375 0.7285674609375 0.48297255312500004 0.720540921875 0.47909689218749996 0.717386409375 0.4745300921875 0.7147420640625 0.47194907343750003 0.7169997515625
1 0.4795816796875 0.754876984375 0.4786431875 0.7503968249999999 0.477269840625 0.7481688984375 0.47727116406250003 0.747622271875 0.47347784375 0.7484317953125 0.47485317499999996 0.7556671625 0.47686474843750004 0.7567048609375 0.4795816796875 0.754876984375
1 0.4816610453125 0.7893697921875 0.48304398125 0.7936185515624999 0.4835320765625 0.8008484625 0.4836666671875 0.8073965781249999 0.4871901453125 0.8112921625 0.49315773749999997 0.8091941968749999 0.49458895468749997 0.8036460812499999 0.49790079374999996 0.8045647328125 0.4979914015625 0.8101617062500001 0.5004583328125001 0.8104610609374999 0.5031646828125 0.8118812 0.5043690468750001 0.8081733625 0.5013723546875 0.801263640625 0.5004259265625 0.7984407234375 0.49755026406249997 0.7977658734374999 0.4965998671875 0.7934201390625 0.49822718281249995 0.788940228125 0.4949166671875 0.786921875 0.4921058203125 0.7804890875 0.48758465624999997 0.7795808531249999 0.48089847812500003 0.77954290625 0.47806249999999995 0.7802373515625 0.4816610453125 0.7893697921875
1 0.5037483468749999 0.8269451890624999 0.506305225 0.8277361109375001 0.5074275796875 0.8268224203125 0.5076593921875 0.8254077375 0.5073736765625 0.8242621531250001 0.5067235453125 0.822523809375 0.50618055625 0.8215334828125 0.5064818125 0.8197611609375001 0.505960978125 0.8172733140625 0.502336640625 0.8171924609375001 0.5008786375 0.8191071421875 0.501417659375 0.8217599203124999 0.502230159375 0.8244533734375 0.5037483468749999 0.8269451890624999
1 0.48854497343750003 0.8600602671875001 0.4937103171875 0.8589962796874999 0.4941365734375 0.853540675 0.4892070109375 0.8498033234375001 0.48519742031249996 0.85130853125 0.48327579375 0.8541450890625001 0.485894840625 0.85891493125 0.48854497343750003 0.8600602671875001
1 0.511549934375 0.866592509375 0.513736771875 0.8681924609375 0.516975859375 0.8666654265625 0.5184477515625 0.8644109625 0.5187681875 0.8624580859375 0.5179669312499999 0.8594228671874999 0.5160264546875 0.856605903125 0.5123445765625 0.8545607640625 0.51018055625 0.8540235609375 0.509152778125 0.8572247031250001 0.509475859375 0.8603544140625001 0.5100886250000001 0.86338988125 0.511549934375 0.866592509375
1 0.46490509218750004 0.8432457843750001 0.46967030468750004 0.8479655265625 0.4728568125 0.8473271328124999 0.472208003125 0.8425553078125001 0.47126752656250004 0.8384216265625 0.46916534375 0.8366470734375 0.466242725 0.8362155265625001 0.4646567453125 0.8378606156249999 0.46490509218750004 0.8432457843750001
1 0.4739890875 0.8584451890624999 0.4754236109375 0.8573199406249999 0.47603472187499996 0.8553561515625001 0.47557209062499994 0.8543896328124999 0.474152778125 0.8529561015624999 0.47153240781249994 0.8522366078125 0.4708234125 0.8542867062499999 0.47055919375000005 0.8556445937499999 0.471920634375 0.8574074906250001 0.4739890875 0.8584451890624999