1 0.2759662703125 0.224978175 0.2802933203125 0.225084325 0.2861825390625 0.22801959374999997 0.29084556875 0.226460565625 0.2964751984375 0.226879215625 0.29720238125 0.2241681546875 0.2975244703125 0.21744766875 0.296617725 0.21523313437499997 0.291708003125 0.21312003906250002 0.28607705 0.21015153749999999 0.28459722187500003 0.21176785781250002 0.2817913359375 0.21176785781250002 0.2793736765625 0.21208184531250002 0.27598941875 0.212299603125 0.27443716875 0.21385937500000002 0.2747486765625 0.2197591765625 0.2759662703125 0.224978175
1 0.3398379625 0.34293204374999997 0.3420578703125 0.34911011875 0.34715906093750004 0.3527919140625 0.35047420625000003 0.352055803125 0.352894840625 0.355529265625 0.35611739375 0.3551999015625 0.360416996875 0.3520687 0.3618535046875 0.3511803078125 0.36403306875 0.346589534375 0.3659745375 0.33817782812499997 0.36516964218750003 0.3337673609375 0.362242725 0.32919444375 0.3584087296875 0.327183284375 0.3565916 0.3241708828125 0.3548171296875 0.3220920140625 0.352839615625 0.3202395828125 0.3492982796875 0.3183576390625 0.34524305625 0.31672395781249996 0.34240872968749997 0.3211103671875 0.338318453125 0.32375694374999997 0.3387744703125 0.3284997515625 0.339973875 0.3383509421875 0.3398379625 0.34293204374999997
1 0.3388799609375 0.46991790624999996 0.33914451093750003 0.47791021875000006 0.342303240625 0.4793630953125 0.343476190625 0.486176090625 0.34752579375 0.48864955312499997 0.35052943124999997 0.492358134375 0.353242725 0.4942529765625 0.3555869703125 0.49341567499999994 0.3571127640625 0.491891865625 0.3593283734375 0.4927609125 0.36319841249999996 0.49240848281250005 0.3634014546875 0.4891383921875 0.3625625 0.48228546562499996 0.36029795 0.474180803125 0.3580962296875 0.466443453125 0.35904332031249997 0.4628950890625 0.35762103125 0.45409573437499995 0.34966269843750003 0.44753075468750003 0.345994709375 0.4448020828125 0.344194775 0.44662574375 0.344505290625 0.4527641375 0.34212896875 0.45501512968749996 0.33895965625 0.45915525781250005 0.3388799609375 0.46497544687500003 0.3388799609375 0.46991790624999996
1 0.3744183203125 0.44870213281250004 0.377137896875 0.44608829375000003 0.37613558125 0.44066914687500003 0.37572189218749996 0.43639608125 0.373972884375 0.43417038750000003 0.3716263234375 0.433947171875 0.36880257968749997 0.4376639390625 0.3681550921875 0.44219543593750005 0.369244709375 0.44641121093749997 0.3744183203125 0.44870213281250004
1 0.4119292328125 0.5530587796875001 0.412766865625 0.556535465625 0.415906415625 0.5633658234375 0.4199199734375 0.5649813984375001 0.422228175 0.5649813984375001 0.422685515625 0.5592306546875 0.4213224203125 0.551290921875 0.41911739375 0.5469848703125 0.4165115734375 0.5437028765624999 0.4146997359375 0.5444578375 0.414116071875 0.5471125984375 0.4119292328125 0.549478421875 0.4119292328125 0.5530587796875001
1 0.362479828125 0.5932380953124999 0.36843055625 0.5975520828125 0.37186045 0.593535465625 0.3741408734375 0.5893204359374999 0.372291996875 0.5848812 0.37064715625 0.579773065625 0.36749603125 0.5782438 0.3642615734375 0.5767589281250001 0.36405125625 0.57615625 0.359461309375 0.578261409375 0.358244046875 0.582467509375 0.35860648125 0.58727505 0.362479828125 0.5932380953124999
1 0.36452579375 0.67642733125 0.36452579375 0.6732502484375 0.36389351875 0.6708477187499999 0.362314153125 0.6702579359375 0.3603422625 0.6712177578125 0.3603422625 0.6744424609374999 0.3619510578125 0.6768258921875 0.36452579375 0.67642733125
1 0.3711335984375 0.6865701890625 0.373097553125 0.6844357640625 0.37342559531249997 0.682377728125 0.37342559531249997 0.6785887890625 0.37214384843750004 0.6754484125 0.36876851875 0.67738368125 0.368608796875 0.6813640875 0.36926124374999997 0.6856741078125 0.3711335984375 0.6865701890625
1 0.4105370375 0.647121528125 0.4118614421875 0.6512981156250001 0.41402678593750003 0.66178819375 0.41461077968750004 0.6644813984375 0.41584424531249997 0.6680017359375 0.4189265875 0.682141865625 0.42074503906249994 0.689680059375 0.4225181875 0.69743675625 0.42470734062500004 0.701582340625 0.4292414015625 0.7025689484375001 0.43624603124999994 0.6992046125 0.43630555624999995 0.7038216765625 0.43917989375 0.70647271875 0.442200728125 0.7069761906250001 0.4478339953125 0.704061259375 0.44808167968749996 0.7009052578125 0.44808167968749996 0.6985587796875 0.4508650796875 0.69822495 0.4516402109375 0.693873015625 0.4499917328125 0.6887428078125 0.445035384375 0.6849397328125 0.443556878125 0.68224454375 0.441369709375 0.6789588296875 0.4408167984375 0.675428571875 0.43438591249999997 0.66786631875 0.43189715624999997 0.6671770828125 0.4300949078125 0.6626701390624999 0.4294785046875 0.6528201890625 0.42706845312499997 0.645678075 0.4245634921875 0.640248759375 0.41993683906249996 0.635433284375 0.4168630953125 0.63291319375 0.41763359843750003 0.6309871031250001 0.41392658750000005 0.6297239578125 0.409770503125 0.631431546875 0.4092943125 0.634056546875 0.4105370375 0.647121528125
1 0.3946408734375 0.676676090625 0.39389054218749997 0.6742497515625 0.392152446875 0.6721200390625001 0.392049271875 0.67143675625 0.3908925265625 0.6705763890625 0.38874669375000004 0.6758779765625 0.3913459 0.6794546125 0.39402579375 0.6791572421875001 0.3946408734375 0.676676090625
1 0.41416038437499997 0.6834704859375 0.4161312828125 0.680438740625 0.41536177187499995 0.677711309375 0.4134675921875 0.6757296625 0.41133101875 0.6745233140625 0.408953703125 0.676133184375 0.41028505312499997 0.682403521875 0.4117450390625 0.6839037703125 0.41416038437499997 0.6834704859375
1 0.41286375625 0.7261061515625 0.414305225 0.7330942453125 0.41581481406250004 0.7414367562499999 0.41717724843750004 0.7497470234375 0.4194332015625 0.755884671875 0.42221494687499994 0.75803670625 0.42690509218750006 0.7551512890625001 0.4299818125 0.7527651296875 0.43123247343750004 0.74880853125 0.43389451093750003 0.748872271875 0.434421296875 0.7533544140624999 0.43939252656249994 0.755766865625 0.4406259921875 0.758508928125 0.44415939218749995 0.757872271875 0.44415939218749995 0.75503050625 0.443835978125 0.7498883921874999 0.4419388234375 0.734855159375 0.4385982140625 0.7339370046875 0.43676917968750006 0.7317202375 0.4378687171875 0.7293576390625 0.4359821421875 0.7259818953125 0.4336220234375 0.7242021328125 0.431799603125 0.7218903765625 0.43104265937499997 0.7167884421874999 0.42793121718749993 0.7155984625 0.4209599875 0.7145969734375 0.41305158750000004 0.71427728125 0.41247255312500003 0.7160124015625 0.41231481406250003 0.7199970234374999 0.41286375625 0.7261061515625
1 0.44258829375 0.7786850203125 0.44532605781249995 0.7789910718749999 0.44617030468749996 0.77566641875 0.44580919375 0.7737532234375 0.444473875 0.7675642359375 0.442766534375 0.7654107140625 0.4398647484375 0.76720238125 0.439950728125 0.7705873015625 0.439950728125 0.7741170640624999 0.44258829375 0.7786850203125
1 0.3972526453125 0.8020250499999999 0.39958333281249997 0.8025845734375 0.4002463625 0.798982390625 0.40016666718750005 0.795069196875 0.3992162703125 0.7901879953125001 0.39626785781249996 0.7877001484374999 0.3930985453125 0.787808284375 0.39111441875 0.7910468749999999 0.39111441875 0.794902034375 0.3918296953125 0.7987341265625 0.3972526453125 0.8020250499999999
1 0.42350727499999996 0.8212105656249999 0.42902579375 0.8188283734375 0.4284603171875 0.81387103125 0.42639186562500003 0.8082185015625001 0.421549603125 0.8053764875 0.42055919375000006 0.8045761406249999 0.41590211562499996 0.8078948406249999 0.4148234125 0.814069940625 0.41695502656250005 0.8188792156250001 0.42350727499999996 0.8212105656249999
1 0.44992460312500004 0.8265607640624999 0.45428207656249997 0.8298048109374999 0.4580777109375 0.8290515875000001 0.4586534390625 0.8249513890625 0.457932209375 0.8209719734375 0.454338625 0.8158249015625 0.4510833328125 0.814133928125 0.4498088625 0.814883184375 0.44898644218749995 0.8185106640625 0.44804398125 0.8218668156250001 0.44992460312500004 0.8265607640624999
1 0.4756716265625 0.828882440625 0.47512037031250004 0.8261279765625 0.47419179843750003 0.8258318453125 0.471777778125 0.8264858625 0.47219345312499994 0.8294903281250001 0.47481216875000004 0.82961805625 0.4756716265625 0.828882440625
1 0.40332308125000005 0.8149709828124999 0.4040413359375 0.8133234125 0.4028885578125 0.81125396875 0.402207671875 0.8094811515625 0.4003392859375 0.8100066968749999 0.4002275125 0.811824653125 0.4011263234375 0.8142817453125 0.40332308125000005 0.8149709828124999