1 0.29051653437499997 0.157298115625 0.29970965625 0.15342261875000002 0.3040300921875 0.1522266859375 0.3085509265625 0.145751240625 0.3063908734375 0.141571428125 0.3006107796875 0.13877405781250002 0.2933869046875 0.14108978125 0.2864821421875 0.14180902812500001 0.28567460312500004 0.14968551562500002 0.29051653437499997 0.157298115625
1 0.32039285781250004 0.268742559375 0.3284014546875 0.2772311515625 0.33443220937499996 0.27944915625 0.344306878125 0.2667373515625 0.344159721875 0.258571925 0.339616071875 0.2501485609375 0.335463625 0.24471378906250002 0.327119709375 0.237784721875 0.32365906093749996 0.24159002968749999 0.32039285781250004 0.24557738125 0.32039285781250004 0.25661011875 0.32039285781250004 0.268742559375
1 0.2870995375 0.29009672656249996 0.2897834 0.29531398750000004 0.2894768515625 0.2847053578125 0.2870995375 0.29009672656249996
1 0.3489150125 0.36389335312500004 0.3489150125 0.35740699375 0.347858796875 0.3528529265625 0.34302480156250004 0.3515076890625 0.33922056875 0.35620957343750004 0.340255953125 0.366902034375 0.3489150125 0.36955803593750003 0.3489150125 0.36389335312500004
1 0.3104107140625 0.39712524843749997 0.31642890156250003 0.4023985609375 0.3276207015625 0.4143928578125 0.3378578046875 0.41360069375 0.334266534375 0.4014868546875 0.33000859843749997 0.386752728125 0.33000859843749997 0.376373759375 0.31810648124999996 0.3606532734375 0.31648511875 0.3661984125 0.3132582671875 0.374019096875 0.31023875625 0.39140625 0.3104107140625 0.39712524843749997
1 0.3343349875 0.51452505 0.3347182546875 0.49695138906249997 0.3294474203125 0.49356994062500004 0.3271732796875 0.49292683593750003 0.322604828125 0.49586731093749997 0.322604828125 0.50492261875 0.3265853171875 0.515503471875 0.3343349875 0.51452505
1 0.3703892203125 0.583102678125 0.374435846875 0.6015647328125 0.3747361109375 0.6106994046875001 0.3763204359375 0.6187234625 0.3815952375 0.6262162703125 0.3874004625 0.61835069375 0.39039715625000004 0.6292373515625 0.3992506609375 0.6261572421875 0.3977781078125 0.615777034375 0.3977781078125 0.6095920140625 0.3923521828125 0.5998281249999999 0.3854265875 0.58922569375 0.38348611093749996 0.585446428125 0.38348611093749996 0.573880953125 0.38055555625 0.5594092265625 0.376229496875 0.5580376984375001 0.3745912703125 0.551340278125 0.3702857140625 0.550826140625 0.3679474203125 0.556565228125 0.3679474203125 0.5708427578124999 0.3703892203125 0.583102678125
1 0.329803571875 0.5968412703125 0.329931878125 0.5914528765625 0.32530952343749997 0.5925124015625001 0.32530952343749997 0.603305803125 0.32960284375 0.603305803125 0.329803571875 0.5968412703125
1 0.3223025796875 0.5903330859375 0.3202271828125 0.586111359375 0.3166755953125 0.58841493125 0.31792228906250003 0.5948561515625 0.32144279062500003 0.59444146875 0.3223025796875 0.5903330859375
1 0.3500962296875 0.5905560515625 0.3490747359375 0.59034920625 0.34476851875 0.5908854171875 0.34476851875 0.596684028125 0.3478829359375 0.59806795625 0.3500962296875 0.5905560515625
1 0.3920803578125 0.6793328375 0.39219775156250003 0.6736202875 0.3894232796875 0.6633442453125 0.3855995375 0.6589424609375001 0.3856207015625 0.653380953125 0.38363128281250003 0.6482256937499999 0.38219146875 0.643493303125 0.372884590625 0.634034721875 0.365512896875 0.634034721875 0.36306580624999996 0.642227678125 0.3650357140625 0.6582048609375 0.3664963625 0.665109375 0.36822420624999996 0.6773298609375 0.3758786375 0.6768931046875 0.3800171953125 0.6707609125 0.3849589953125 0.675957340625 0.3863131609375 0.6783516859375001 0.3920803578125 0.6793328375
1 0.3481025125 0.7217013890625 0.35350033125 0.722361359375 0.3499017859375 0.7119982640625 0.349196428125 0.7072931546875 0.3439626328125 0.706398065625 0.343310515625 0.7097633921875001 0.34406878281250003 0.717359375 0.3481025125 0.7217013890625
1 0.39243716875 0.6944672625 0.3888849203125 0.6872876984375 0.387487103125 0.6894474203125001 0.3865482796875 0.69390699375 0.387105159375 0.699078125 0.39316170625 0.701798859375 0.39243716875 0.6944672625
1 0.37551488125 0.7420644843749999 0.37551488125 0.7344769343750001 0.3752800921875 0.7308484625 0.372137565625 0.7255607640624999 0.3626223546875 0.7289375 0.36313988125 0.7360287703124999 0.36841170624999997 0.740158978125 0.37551488125 0.7420644843749999
1 0.3534847890625 0.7292366078125 0.3531547625 0.7271726187499999 0.3509957015625 0.729498015625 0.35175396875 0.735403521875 0.3546263234375 0.733495784375 0.3534847890625 0.7292366078125
1 0.40595238125 0.760788690625 0.4073234125 0.7530657234375 0.4040188484375 0.7415419140624999 0.40064153437499994 0.7402765375 0.4000747359375 0.7395295140625 0.3958647484375 0.7427172625 0.3958647484375 0.7527373515625 0.40298346562500004 0.7617509921875001 0.40595238125 0.760788690625
1 0.3680912703125 0.6016525296874999 0.368207671875 0.59977108125 0.3681977515625 0.5963514390625 0.3652764546875 0.5941646828125 0.36349239375 0.5990176093749999 0.36651455 0.6045151296875 0.3680912703125 0.6016525296874999