1 0.0759067453125 0.322767609375 0.079362434375 0.32867212343749996 0.079362434375 0.3327708328125 0.0833442453125 0.3359365078125 0.0855324078125 0.3402849703125 0.089307209375 0.3425064484375 0.0963320109375 0.34766269843750003 0.097196759375 0.3503774796875 0.104943453125 0.3578234125 0.11054398125 0.36188020781249997 0.11727943125 0.3660302578125 0.1224699078125 0.3707259421875 0.1251478171875 0.3736860125 0.1300671296875 0.380662946875 0.138516203125 0.3870796125 0.1621610453125 0.408032490625 0.1784186515625 0.422190971875 0.1857526453125 0.41719940468749994 0.17608498749999998 0.40563368125 0.166075728125 0.394497271875 0.1570949078125 0.38553918593750003 0.1522986109375 0.3811897328125 0.16561970937499998 0.3877983625 0.170380621875 0.38904811562499997 0.16789880937499999 0.38533358125 0.163851190625 0.37913516875000003 0.157748346875 0.3715076890625 0.1542251984375 0.3705736609375 0.15241898125 0.367720734375 0.1517347890625 0.3650952375 0.1455370375 0.3612420640625 0.136519840625 0.3579630453125 0.13750760625 0.3544928078125 0.13429795 0.3472232140625 0.12828042343749999 0.34113194375 0.12120370312499999 0.33876984062500004 0.11362632343750001 0.333183284375 0.11012169375 0.3284947921875 0.1005026453125 0.319467509375 0.0938039015625 0.315045634375 0.0896107796875 0.31135416718750003 0.08573941874999999 0.3073876484375 0.0820208328125 0.306234375 0.076161375 0.3080329859375 0.079979496875 0.3145987109375 0.079255953125 0.31904141875 0.0759067453125 0.322767609375
1 0.1941207015625 0.4020984625 0.19840310781249998 0.40016567500000005 0.19990013281250002 0.3969263390625 0.195463625 0.3931813 0.1912622359375 0.39112053593749996 0.1865416671875 0.39270089218750004 0.1865416671875 0.395677828125 0.18823611093749998 0.40045436562500003 0.1941207015625 0.4020984625
1 0.34882870312500003 0.4616287203125 0.35157506562499996 0.4619216265625 0.35279629687499997 0.45914186562500003 0.3496960984375 0.45550694375 0.3468082015625 0.451527034375 0.3409768515625 0.4469947921875 0.33758697031249996 0.4485962296875 0.3374692453125 0.45158978125000004 0.342156415625 0.45909052656249993 0.34882870312500003 0.4616287203125
1 0.34045502656250004 0.4671954359375 0.333097221875 0.46203794687500005 0.330865740625 0.463440971875 0.3321792328125 0.4661178078125 0.336453703125 0.46849652812500003 0.34045502656250004 0.4671954359375
1 0.3280562171875 0.5236669140625 0.329821759375 0.52088194375 0.32777215625 0.5182366078125 0.3241904765625 0.5133467265625 0.3180539015625 0.5111966765625 0.3143941796875 0.511721478125 0.313729496875 0.518305803125 0.318882275 0.5236669140625 0.3280562171875 0.5236669140625
1 0.3297420640625 0.5442021328125 0.3367655421875 0.5470825890625 0.34418783125 0.5487552078125 0.3492275125 0.547584078125 0.347163690625 0.5437016375 0.34674669375 0.5394087296875 0.340626984375 0.533626984375 0.3383465609375 0.5307036203125 0.332380953125 0.53134375 0.3235833328125 0.528143353125 0.32152116406250003 0.529483134375 0.32249206406250003 0.5384161703125 0.3297420640625 0.5442021328125
1 0.372834325 0.517810515625 0.38057275156250003 0.5262934031250001 0.3838353171875 0.5277423109375 0.387211309375 0.529484375 0.3946365734375 0.534592509375 0.39699966875000003 0.5356636906250001 0.39555853124999996 0.5311778281249999 0.3900740734375 0.52246006875 0.3880244703125 0.51783680625 0.38037533125 0.5149575890625 0.3743902109375 0.5091946921875 0.36778769843750003 0.5064694937499999 0.3665959 0.51046329375 0.372834325 0.517810515625
1 0.40120105781250004 0.5086857640625 0.40821197031249995 0.5111116078125 0.40481646875 0.504905009375 0.39645965625 0.49672767812499996 0.39255324062499997 0.4934672625 0.3870588625 0.48977380937500004 0.3866111109375 0.492810515625 0.3957010578125 0.5028640875 0.40120105781250004 0.5086857640625
1 0.43796924531250003 0.5498695437500001 0.44139715625 0.5532735609375 0.445266865625 0.5502504953125 0.444130953125 0.5429134421875 0.43991699687499997 0.5382829859375 0.43524933906249996 0.5344424609375 0.43128009218749996 0.532804315625 0.42534656093749995 0.5343960812499999 0.42767327968749996 0.5413122515625 0.4317797625 0.5473196921875 0.43796924531250003 0.5498695437500001
1 0.42783134843750004 0.60263368125 0.4249017859375 0.6003650796875 0.42130456406250005 0.599347221875 0.4194160046875 0.5950081843749999 0.4135006609375 0.6015024796875 0.41944510625 0.6109432046875 0.4281574078125 0.6070491078125 0.42783134843750004 0.60263368125
1 0.546085978125 0.6641902281250001 0.5540175265625 0.6648187 0.5530717593750001 0.6598931046875001 0.54378306875 0.650447171875 0.538428571875 0.6447346234375 0.5351044968750001 0.6436297125 0.53176488125 0.6453705359375 0.53176488125 0.6519528765625 0.5385783734375 0.6583400296875 0.546085978125 0.6641902281250001
1 0.4757728171875 0.6593390375 0.4692013890625 0.65383755 0.4664325390625 0.6537420640625 0.4664325390625 0.6570411703125 0.47171263281250003 0.6618333328125 0.4757728171875 0.6593390375
1 0.7041448406249999 0.7819010421875 0.703159721875 0.7777438 0.698598875 0.77281175625 0.6984001328125 0.7720133921875 0.696207671875 0.7705674609375001 0.689350859375 0.7702524796875 0.689350859375 0.776896825 0.6992324734375 0.7822053578125 0.7041448406249999 0.7819010421875
1 0.6214735453125 0.8311302078124999 0.6214735453125 0.8272517359375 0.61938194375 0.8239159218750001 0.613677909375 0.8189139390625 0.610303240625 0.8193261406250001 0.610303240625 0.8249704859375001 0.6151845234375 0.8299379953124999 0.6214735453125 0.8311302078124999
1 0.7518597890625001 0.955027778125 0.7583082015625 0.9589618062499999 0.7533161374999999 0.9611150796875 0.7562695109375001 0.96537425625 0.759648478125 0.9712703375 0.7712791 0.9755158734375 0.7787949734375 0.9769682546875 0.785869046875 0.9782557046875 0.7914513890625 0.9844739578124999 0.79475330625 0.9831822921875 0.7902969578125 0.9759660218749999 0.7793015875 0.9660719249999999 0.7704255953125 0.9599848703125 0.76469080625 0.9538936015624999 0.756788690625 0.9456259921875001 0.7515307546875001 0.9438201890625001 0.749457340625 0.9476753468749999 0.7518597890625001 0.955027778125