1 0.196415178125 0.3070889546875 0.205610615625 0.306442790625 0.20408978125 0.300299934375 0.1953249015625 0.292432209375 0.19046627031250002 0.2873561515625 0.1801681546875 0.289174603125 0.17452207343749998 0.289174603125 0.18134722187500002 0.29920238125 0.196415178125 0.3070889546875
1 0.1614451890625 0.2840922625 0.15865575468749998 0.283645171875 0.1575389390625 0.2881392203125 0.1629146828125 0.290895503125 0.1658861609375 0.28992427187500003 0.1614451890625 0.2840922625
1 0.156376984375 0.3165803578125 0.16234300625 0.3134259265625 0.16211631875000002 0.30562466875 0.1542165171875 0.30207704999999996 0.1501423609375 0.294882275 0.1499077375 0.29689947031249997 0.1369689984375 0.3031041671875 0.14028224218750002 0.313722221875 0.1505290171875 0.315519840625 0.156376984375 0.3165803578125
1 0.11498586250000001 0.3461025125 0.12316369062500002 0.3472827375 0.13338566406250002 0.34646693125 0.1304283234375 0.33637070156250004 0.12111979218749999 0.3297311515625 0.11065550625000001 0.32777612500000003 0.101865575 0.327906415625 0.101865575 0.33627976249999997 0.11498586250000001 0.3461025125
1 0.1004303078125 0.3605102515625 0.098215278125 0.3541587296875 0.0918345734375 0.35482539687500003 0.0926981640625 0.36093716875 0.09783333281249999 0.3645489421875 0.1004303078125 0.3605102515625
1 0.21766567499999998 0.353203703125 0.215631696875 0.3492526453125 0.21085540625000002 0.3493482140625 0.2166713796875 0.3589275796875 0.22079861093750003 0.3576481484375 0.21766567499999998 0.353203703125
1 0.20952008906250003 0.376825065625 0.214111359375 0.376954034375 0.21254811562499998 0.372277446875 0.210519840625 0.36969642812500003 0.1997008921875 0.367704365625 0.19882415625 0.37165509218750004 0.20129861093749998 0.37519742031250003 0.20952008906250003 0.376825065625
1 0.227205853125 0.379277446875 0.2283256453125 0.38736739375 0.2382966265625 0.39287400781250004 0.25168675625 0.397105159375 0.26551165625 0.3980734125 0.2700173609375 0.4022139546875 0.28271006875000004 0.404071759375 0.2925262890625 0.400119046875 0.2976381453125 0.3913442453125 0.288851934375 0.379194775 0.2721755953125 0.37255919375 0.2542150296875 0.3635929234375 0.2436666671875 0.3593713625 0.2392080859375 0.3575135578125 0.236612103125 0.3621458328125 0.24142708281249997 0.37573710312499997 0.23573115156250002 0.379516865625 0.227205853125 0.379277446875
1 0.3577924109375 0.3692166 0.35714831406249997 0.3633568125 0.3549670140625 0.3598462296875 0.3462157734375 0.357505953125 0.34748660781249996 0.366950396875 0.3541356640625 0.3693422625 0.3577924109375 0.3692166
1 0.355944196875 0.39617989374999996 0.356 0.3901626984375 0.353790675 0.389465278125 0.351794890625 0.38657804218749997 0.3461666671875 0.386105159375 0.3447313984375 0.3907417328125 0.348619046875 0.394634590625 0.355944196875 0.39617989374999996
1 0.3480493546875 0.4129589953125 0.3459689984375 0.40916170625000003 0.34227777812500004 0.40651851875 0.331790178125 0.404659721875 0.3325548109375 0.40978141562500003 0.34532762968749997 0.4159474203125 0.3480493546875 0.4129589953125
1 0.296253471875 0.41541633593749994 0.294852678125 0.41906646875 0.296673115625 0.426785053125 0.306617559375 0.4343759921875 0.316271578125 0.43958432500000005 0.3200622515625 0.44106084687499997 0.32898859062499997 0.44106084687499997 0.350553571875 0.44192129687500004 0.3597495046875 0.4422857140625 0.3708187 0.4483191140625 0.3832075890625 0.4490307546875 0.3941123515625 0.4490307546875 0.39542956406249996 0.44418551562499997 0.390131696875 0.4346256609375 0.37961483125 0.430869046875 0.36421180625 0.42449239375000003 0.353782490625 0.4222318125 0.346040675 0.4214599875 0.3360362109375 0.41356977500000003 0.322903521875 0.4069718921875 0.30733209375000003 0.40277976249999997 0.305146578125 0.409535384375 0.2998501984375 0.415244378125 0.296253471875 0.41541633593749994
1 0.461457340625 0.434347884375 0.46732738124999995 0.43258465625 0.46850620000000004 0.42617625625000005 0.46317807499999997 0.41825033125 0.45115153750000003 0.4120985453125 0.4476463296875 0.41331646875 0.44447966250000004 0.41856911406249997 0.4458883921875 0.4232232140625 0.4516016859375 0.42930952343750006 0.461457340625 0.434347884375
1 0.5545111609375 0.48546527812500007 0.5634588296875 0.48803240781249996 0.5791525296875 0.4942638890625 0.5848618546875 0.4952711640625 0.5926329359375 0.49435416718749997 0.5945052078125 0.4901441796875 0.587647321875 0.48262764531249996 0.5810910218750001 0.4752010578125 0.5777452875 0.47336342656249997 0.5735282734375 0.47096130937499997 0.5646870046875 0.46646990781250003 0.5602921624999999 0.4656203703125 0.550484375 0.4656203703125 0.5475553078125001 0.47344146875000004 0.5404360125000001 0.479479828125 0.5545111609375 0.48546527812500007
1 0.5986329359375 0.5230135578125 0.593295634375 0.512384590625 0.5907435515625 0.5139265875000001 0.5854553578125 0.514887896875 0.5873420140625 0.518906415625 0.5927219734375 0.5234401453124999 0.5986329359375 0.5230135578125
1 0.668034721875 0.5539692453125 0.6753318453125 0.5609229499999999 0.6847056046875 0.564367725 0.6894337796875 0.5636474875 0.6936517859375 0.56311805625 0.694650296875 0.5588072093750001 0.6912021328125 0.547564153125 0.6840099203125 0.5434606484375 0.6788053078125 0.5416974203125 0.677417659375 0.5379460984375 0.6681515375 0.5382116406249999 0.6664494046875 0.5418495375 0.6649290671875 0.5462027109375 0.668034721875 0.5539692453125
1 0.7892244546875 0.5713872359375001 0.7988333328125 0.56998511875 0.79971875 0.5629712296875 0.7995701890625 0.5529441140625 0.7915771328125001 0.5476296296875 0.7833571421875 0.5446749343749999 0.78040699375 0.5442910046875 0.7793407734375 0.5520925921875001 0.7793407734375 0.55820205 0.7813219250000001 0.5649679234375 0.7892244546875 0.5713872359375001