1 0.23837830625 0.1947688484375 0.24158862499999997 0.195305059375 0.2389163359375 0.190597965625 0.23495701093750002 0.188029265625 0.23027910000000001 0.185165921875 0.223601521875 0.184204365625 0.2210582015625 0.1857938984375 0.2251094578125 0.189917659375 0.23837830625 0.1947688484375
1 0.26156415312500003 0.1877217265625 0.268664021875 0.190209821875 0.2743392859375 0.190209821875 0.27613194375 0.1851875 0.2713111765625 0.1826979171875 0.26532771093749996 0.178908978125 0.264075065625 0.17877356093750002 0.25930357187499997 0.1788745046875 0.2568082015625 0.1795677078125 0.2568082015625 0.1842951390625 0.26156415312500003 0.1877217265625
1 0.2833389546875 0.1785079359375 0.277338625 0.17292385937500002 0.27792261875 0.1793187 0.28295601875 0.18126810468750001 0.285994378125 0.18055456406249998 0.2833389546875 0.1785079359375
1 0.2958316796875 0.188566715625 0.307289021875 0.1930389390625 0.3128928578125 0.1949553578125 0.308700396875 0.18947718281249998 0.30818452343749997 0.1873182046875 0.303891534375 0.1849603171875 0.3002437171875 0.183022321875 0.29648511875 0.1833107640625 0.288229496875 0.1811723703125 0.288571759375 0.183193453125 0.2958316796875 0.188566715625
1 0.2129937171875 0.19480853125 0.211626653125 0.19333209375 0.21055720937500003 0.191769840625 0.2077724875 0.192116071875 0.207619709375 0.194019840625 0.2121828703125 0.1952869546875 0.2129937171875 0.19480853125
1 0.2976537703125 0.2252544640625 0.2954970234375 0.22360069375 0.29250694374999997 0.22155729218750003 0.2868022484375 0.220285465625 0.29061375625 0.22343105156249998 0.2974417984375 0.2274077375 0.2976537703125 0.2252544640625
1 0.31024900781250003 0.2325771328125 0.3066464953125 0.2325771328125 0.308042328125 0.23553323437499998 0.311632275 0.2387041171875 0.32738955000000003 0.24597495 0.3317202375 0.24637450468750002 0.339910384375 0.25102108125 0.343707671875 0.25102108125 0.35600562187499996 0.2554290671875 0.35482804218749997 0.25355877968749996 0.3578207671875 0.2542061015625 0.367406084375 0.24984523749999998 0.36454596562499997 0.2480287703125 0.3581498015625 0.245101934375 0.35077645468749996 0.24064136875000003 0.33655324062499997 0.23396552656249997 0.32602810781249997 0.22701909687500002 0.3218521828125 0.2255141375 0.319170965625 0.22652827343749998 0.3230562171875 0.235369046875 0.3211567453125 0.2367021328125 0.31526851875 0.23350818437499998 0.31024900781250003 0.2325771328125
1 0.3090601859375 0.21903050624999998 0.308367725 0.21710763906250002 0.30625033125 0.21645461250000003 0.3041643515625 0.21652430625000002 0.30557308125 0.2187251984375 0.308516865625 0.220214534375 0.3090601859375 0.21903050624999998
1 0.428799934375 0.2578856640625 0.42915178593750003 0.25594221250000004 0.4279556875 0.252642609375 0.424836640625 0.2507490078125 0.4189920640625 0.250794146875 0.4192400796875 0.25286483125000003 0.42231283125 0.255117559375 0.428799934375 0.2578856640625
1 0.419931878125 0.2704724703125 0.419611771875 0.267137153125 0.41506514531249994 0.26453422656250003 0.41231481406250003 0.265251240625 0.4147476859375 0.268575396875 0.41824305624999997 0.2705119046875 0.419931878125 0.2704724703125
1 0.405335978125 0.27718154687499996 0.40176884843750005 0.27336532812500003 0.3978191140625 0.27162425625000003 0.393572090625 0.27071230156250004 0.396145171875 0.27502356093749997 0.40138888906250003 0.27718154687499996 0.405335978125 0.27718154687499996
1 0.36630555625 0.2672388390625 0.360571759375 0.2653896328125 0.356799271875 0.2647889390625 0.353112103125 0.26789583281249996 0.3532748015625 0.27027678593750004 0.360523478125 0.2744313 0.370376984375 0.2785749015625 0.38832010625 0.285706596875 0.39396296249999996 0.288751984375 0.4038174609375 0.29178670625 0.408911375 0.29498834375 0.4263773140625 0.30336954375 0.441560846875 0.306915178125 0.44550330625 0.3061463296875 0.44118551562499997 0.301365575 0.42803306875 0.29437475156250004 0.421167659375 0.29007043593750004 0.417427909375 0.2897943953125 0.4125876328125 0.2847428078125 0.40893055624999997 0.28417088281249997 0.40031018593749995 0.2802408234375 0.3964232796875 0.2762013890625 0.38598247343750003 0.269943453125 0.3789828046875 0.2668700390625 0.3747384265625 0.265726934375 0.36899305625 0.2642185015625 0.36630555625 0.2672388390625
1 0.5079917328125 0.3175786203125 0.5171554234375 0.3216014390625 0.5244388234375 0.3187795140625 0.5229963625 0.3143625984375 0.5189365078125 0.311144096875 0.5073872359375 0.3061860125 0.5048508593750001 0.30555803593749997 0.5008373015625 0.30555803593749997 0.5006600531250001 0.309732390625 0.502770503125 0.31357886874999996 0.5079917328125 0.3175786203125
1 0.602023478125 0.3678541671875 0.60163624375 0.370472221875 0.59672784375 0.3723650796875 0.5914775125 0.3713591265625 0.6081372359375 0.380585565625 0.615207671875 0.3843678078125 0.6206663359375 0.38675000000000004 0.626819775 0.3902234625 0.6326464953125 0.3943459828125 0.6433640875 0.39629613125 0.6509474203125001 0.3964372515625 0.650410384375 0.39362078437500003 0.6415046296875 0.38733680625 0.6415046296875 0.384896578125 0.637664021875 0.3813244046875 0.633700728125 0.37904290625 0.6295254625 0.3758489578125 0.6257420640625 0.3732123015625 0.6212013890625 0.37132490156250003 0.6159550265625 0.3693509421875 0.612883928125 0.367981646875 0.6075400125 0.367655009375 0.602023478125 0.3678541671875
1 0.6356990734375 0.41349007968749996 0.64240079375 0.4161272328125 0.64461739375 0.41589484062500004 0.64461739375 0.41314384843749996 0.6399580031250001 0.409415178125 0.6338442453125 0.406042659375 0.6285294312499999 0.405073909375 0.6285294312499999 0.4077467765625 0.6302671953125001 0.41084672656250004 0.6356990734375 0.41349007968749996
1 0.7253422625 0.4518774796875 0.7201808859375001 0.45259920625000005 0.719089615625 0.4540811015625 0.7197248671875001 0.4590734125 0.7268108468750001 0.4663067953125 0.735420965625 0.4711686515625 0.7406514546875 0.47322371093750004 0.7484255953125001 0.474756696875 0.7532622359375 0.47554613124999995 0.7590922625000001 0.47435317499999996 0.7559897484375 0.46704637968749996 0.7534004624999999 0.46315005 0.7493144843749999 0.4606096234375 0.7442784390625 0.4587467765625 0.7372569437500001 0.45448189531249994 0.73287103125 0.452186259375 0.727983134375 0.45131795625000004 0.7253422625 0.4518774796875
1 0.7161193781249999 0.45191567499999996 0.7178369703125 0.44974479218749996 0.715428571875 0.448102678125 0.7124067453125 0.4468075390625 0.7108082015625 0.4480071921875 0.712097884375 0.45092038749999996 0.7161193781249999 0.45191567499999996
1 0.879568453125 0.509174603125 0.8781752640624999 0.5104067453125001 0.886248346875 0.5162271828125 0.8915466265624999 0.52076959375 0.8957774468749999 0.52281175625 0.9027635578125001 0.5258100203125 0.906854828125 0.5248177078125 0.9122569437499999 0.5248177078125 0.9147308203125 0.520618303125 0.9131458328125 0.51793675625 0.914943453125 0.5152388390625 0.9135922624999999 0.5130877968750001 0.90237533125 0.507780009375 0.8953736765625001 0.5037998515625 0.89225 0.503068453125 0.8883938484374999 0.50452108125 0.88520205 0.5042224703125 0.88337830625 0.5072591765625 0.879568453125 0.509174603125