1 0.311612434375 0.22661259843749998 0.31314351875 0.226876240625 0.3145727515625 0.22704141875 0.31682705 0.22821676562499998 0.3189004625 0.22821676562499998 0.3201838625 0.2280453875 0.322075396875 0.2280453875 0.3221917984375 0.22848115156249998 0.32493452343749996 0.228608134375 0.3279970234375 0.22736036718750002 0.3274937171875 0.22390277812499998 0.3225357140625 0.2225520828125 0.3186421953125 0.22265550625000002 0.31429795 0.22141443437500002 0.311417659375 0.22135664687499998 0.3102433859375 0.22296329374999999 0.31094080625 0.225377728125 0.311612434375 0.22661259843749998
1 0.3181620375 0.3223338296875 0.3186094578125 0.319511409375 0.3176663359375 0.3174848703125 0.3165925921875 0.3174474203125 0.3158759921875 0.31939136874999996 0.3164090609375 0.32117261875 0.3181620375 0.3223338296875
1 0.3456693125 0.29757266875 0.3436739421875 0.30284622968749997 0.344101521875 0.30706522812500003 0.34799933906249997 0.3108325890625 0.35275 0.3132844734375 0.35726190468749996 0.31316865156249996 0.3632414015625 0.3106240078125 0.3635410046875 0.3065892859375 0.3650469578125 0.3006383921875 0.3651111109375 0.2978306046875 0.360318453125 0.29084771875 0.3562827375 0.2874528765625 0.35152579375 0.2851150796875 0.349791996875 0.2865954859375 0.3485836640625 0.28767931562500004 0.34594808125 0.2898658234375 0.3456693125 0.29757266875
1 0.333829034375 0.3834657734375 0.3305122359375 0.38521453437500003 0.3296369046875 0.3872041171875 0.3286130953125 0.391934028125 0.326023809375 0.3988385421875 0.3262969578125 0.40187276718750004 0.328303571875 0.4034677578125 0.329713625 0.40863244062500004 0.33141964218750003 0.41047544687500004 0.3335747359375 0.413053571875 0.336178240625 0.41516220312499996 0.339972884375 0.41525173593750003 0.34394510624999997 0.4169427078125 0.3444857796875 0.41093005937499993 0.3439804890625 0.40576289687499995 0.343630953125 0.3987938984375 0.343630953125 0.392668403125 0.3452377640625 0.38836334375 0.3446832015625 0.38467733125 0.34230489375 0.3828799609375 0.3406147484375 0.37963864062499997 0.340626653125 0.3802624015625 0.3372288359375 0.3767986109375 0.33493783125 0.3767155265625 0.333829034375 0.37956249999999997 0.333829034375 0.3834657734375
1 0.3570472890625 0.3818841765625 0.361611771875 0.38438789687499997 0.3624411375 0.3797224703125 0.3621577375 0.37660838281250003 0.36125396875 0.37284598281250003 0.359898478125 0.3701264875 0.35803306875 0.36805109062499997 0.35559457656250004 0.371761409375 0.3550876328125 0.376555059375 0.35546693125 0.3808048109375 0.3570472890625 0.3818841765625
1 0.3282536375 0.489908234375 0.3282536375 0.4937142859375 0.3284160046875 0.4959154265625 0.33338029062499996 0.498693453125 0.33555423281249996 0.4986150796875 0.3371316140625 0.49666344218749997 0.33888988124999997 0.49345262968750003 0.33888988124999997 0.489097221875 0.33862367656250003 0.48330307499999997 0.33548941875 0.4825255453125 0.3343779765625 0.481186259375 0.3301286375 0.481580109375 0.3282536375 0.4833856640625 0.3282536375 0.48653298593749994 0.3282536375 0.489908234375
1 0.37754960312499997 0.47402306562499996 0.37955919374999997 0.47545238124999994 0.38301058125 0.47530927656250005 0.3832857140625 0.473048115625 0.3832857140625 0.467148809375 0.3828786375 0.460944940625 0.37986276406249997 0.456881696875 0.37565806875 0.46061631875 0.3753892203125 0.4659541171875 0.3753892203125 0.469605159375 0.37754960312499997 0.47402306562499996
1 0.3201312828125 0.5657849703125 0.3201312828125 0.5620287703125 0.3201312828125 0.5599171625 0.31985912656250004 0.5599910718750001 0.3178832671875 0.5607192453125001 0.3175416671875 0.56450868125 0.3176851859375 0.5657849703125 0.3201312828125 0.5657849703125
1 0.32268320156249997 0.5749712296875 0.3243416 0.5755138890625 0.3261438484375 0.5736951890624999 0.32682374375 0.5711475687500001 0.326255621875 0.568533978125 0.3255135578125 0.566306546875 0.3238498671875 0.5669412203124999 0.32256514531249997 0.5673407734375 0.32256514531249997 0.5714337796875 0.32268320156249997 0.5749712296875
1 0.3447966265625 0.5676505453125 0.3430079359375 0.5640927578125 0.341648478125 0.56602505 0.341648478125 0.5691334328125001 0.3440334 0.5692688484375 0.3447966265625 0.5676505453125
1 0.362619709375 0.5755736609375 0.363406084375 0.5710744046875 0.3623756609375 0.5676986609375 0.36169808125 0.56728745 0.3583442453125 0.56770386875 0.3583442453125 0.5742150296874999 0.35984920625 0.5765119046875 0.362619709375 0.5755736609375
1 0.3638561515625 0.5518727671875 0.3644880953125 0.5600865578125 0.3644401453125 0.565678075 0.3644401453125 0.5707916671875 0.36480257968749996 0.5784439484375 0.36480257968749996 0.5850615078125 0.3660320765625 0.5913147328125 0.371585978125 0.5936579859375 0.3780138890625 0.589847221875 0.3780138890625 0.595832340625 0.38146693125 0.5991842765625 0.38577943124999997 0.5982522328125001 0.38811937812499997 0.5927619046875 0.389700728125 0.58877108125 0.39201124374999996 0.5878633437499999 0.39201124374999996 0.5834382437500001 0.38918485468749997 0.577173859375 0.38718320156249997 0.5757251984375 0.3853865734375 0.5703782234375 0.38346957656249997 0.5663345734375 0.3808244046875 0.561940228125 0.3784606484375 0.5590384421875 0.3779844578125 0.5501046625 0.37794179843750003 0.5450592765625 0.37592559531249997 0.5398970734375 0.37442757968749996 0.5364771828125 0.370458003125 0.532404265625 0.369835978125 0.5297951390625 0.3643607796875 0.5303494546875 0.3634844578125 0.5344315468749999 0.3636683203125 0.5464764390625 0.3638561515625 0.5518727671875
1 0.3564920640625 0.61043055625 0.3563888890625 0.6181423609375 0.3574490734375 0.62135069375 0.357144840625 0.62621255 0.3567384265625 0.6308236609375 0.35532738125 0.63516790625 0.3572311515625 0.6412767859375 0.36356216875 0.6416307046874999 0.366222884375 0.637810515625 0.36905191875 0.6358705359375 0.3700429890625 0.6400151296875001 0.37421395468749996 0.644976934375 0.37830357187499997 0.643175346875 0.3783505296875 0.63605555625 0.378766534375 0.6273325890625 0.37652050312499996 0.6232762890625 0.3750873015625 0.6208874015625 0.3750873015625 0.619381696875 0.3750873015625 0.6144397328125 0.372759259375 0.6123794640625 0.371822090625 0.6084223703125 0.369835978125 0.603580853125 0.3628389546875 0.602152778125 0.35772222187499997 0.602980903125 0.3564920640625 0.6068665671875 0.3564920640625 0.61043055625
1 0.36117757968749997 0.6567375984375 0.36117757968749997 0.6535411703125 0.36140377031250004 0.6528110125000001 0.36169808125 0.6519719734375 0.3576881609375 0.6498224203125 0.35739351875 0.653144840625 0.35758829375 0.6575022328125 0.36117757968749997 0.6567375984375
1 0.37466137499999996 0.6636706343750001 0.37730092656249997 0.6631202875 0.37730092656249997 0.658575396875 0.37755191875 0.6526981640625 0.3771018515625 0.652516865625 0.3741091265625 0.6517331343749999 0.3726911375 0.6536302078125 0.3726911375 0.6602078375 0.37466137499999996 0.6636706343750001
1 0.3263763234375 0.6811267359375 0.329619046875 0.6843990578125 0.3343296953125 0.68532886875 0.3344477515625 0.6827837296875 0.3347209 0.674728421875 0.33361011875 0.6721874999999999 0.332343584375 0.6687562 0.3278283734375 0.669310515625 0.32580257968750004 0.6749868546875 0.32580257968750004 0.6778869046875 0.3263763234375 0.6811267359375
1 0.335093915625 0.698515625 0.335819775 0.6962529765625 0.3345482796875 0.694555803125 0.332910053125 0.6928095234375 0.331814153125 0.6941498015625001 0.331814153125 0.697325396875 0.333398809375 0.6986609625 0.335093915625 0.698515625
1 0.3481474875 0.7038105156250001 0.351796296875 0.7047204859375 0.35578703749999996 0.704558284375 0.3566838625 0.7012817453125 0.3571078046875 0.697881696875 0.35624801562499997 0.6940538187499999 0.3535648140625 0.69141170625 0.35326951093750003 0.690771825 0.3481147484375 0.690834078125 0.345615409375 0.6941463296875 0.3459259265625 0.69977108125 0.3481474875 0.7038105156250001
1 0.3779289015625 0.7182576890625 0.381867725 0.7186041671875001 0.3831722890625 0.7145111609375 0.38330687812500003 0.7097420640625 0.382773809375 0.7067978671875 0.3793392859375 0.7035329859375 0.379273478125 0.7015587796875 0.37577414062500003 0.7016103671875 0.3740575390625 0.7077353671875 0.3740575390625 0.713761409375 0.3779289015625 0.7182576890625
1 0.3984589953125 0.7196765875 0.39965806875 0.717857390625 0.39954398125 0.71574454375 0.3980191796875 0.7152442953125 0.3961537703125 0.7155349703125 0.39538293593749996 0.7171746031249999 0.395571428125 0.7195763890625 0.3984589953125 0.7196765875