1 0.61276455 0.6324404765625 0.624338625 0.634424603125 0.64351851875 0.6359126984375 0.6471560843749999 0.637152778125 0.6541005296875 0.637896825 0.659060846875 0.6396329359374999 0.6805555562500001 0.6426091265625 0.6822089953125 0.644097221875 0.6891534390625 0.64384920625 0.68187830625 0.6423611109375 0.6808862437500001 0.64012896875 0.6772486765625 0.6388888890625 0.67526455 0.6369047625 0.671957671875 0.6361607140625 0.6669973546875 0.6329365078125 0.64384920625 0.627480159375 0.6355820109375 0.6232638890625 0.61937830625 0.6173115078125 0.608796296875 0.6158234125 0.5853174609375 0.6160714281249999 0.5849867718749999 0.6158234125 0.5830026453125 0.6163194437499999 0.5846560843749999 0.6197916671875 0.6015211640625 0.627976190625 0.61276455 0.6324404765625
1 0.64417989375 0.593005953125 0.6507936515625 0.5954861109375 0.6676587296875 0.5987103171875 0.6765873015625 0.59970238125 0.6792328046875 0.59970238125 0.68154761875 0.5987103171875 0.6805555562500001 0.5954861109375 0.6755952375 0.5917658734375 0.6729497359375001 0.5885416671875 0.6673280421875 0.5865575390625 0.6600529093749999 0.5825892859375 0.6547619046875 0.581101190625 0.6488095234375 0.580605159375 0.646935515625 0.580605159375 0.640542328125 0.58134920625 0.637896825 0.5845734125 0.6395502640624999 0.5887896828125 0.64417989375 0.593005953125
1 0.572420634375 0.5920138890625 0.5820105812499999 0.596230159375 0.5952380953125 0.5977182546875001 0.5988756609375 0.59697420625 0.6005290999999999 0.5954861109375 0.6005290999999999 0.5917658734375 0.5988756609375 0.5885416671875 0.5919312171875 0.5833333328125 0.5856481484375 0.581597221875 0.583994709375 0.581597221875 0.5750661375 0.5825892859375 0.5714285718750001 0.5848214281249999 0.5701058203125 0.5885416671875 0.572420634375 0.5920138890625
1 0.7757936515625 0.6138392859375 0.7853835984375 0.61532738125 0.7896825390625 0.615079365625 0.791335978125 0.6140873015625 0.7919973546875 0.6116071421875 0.791005290625 0.609375 0.7824074078125001 0.6056547625 0.7757936515625 0.6051587296875 0.7724867718749999 0.6039186515625 0.7678571421875 0.60342261875 0.766203703125 0.6021825390625 0.7645502640624999 0.6021825390625 0.7668650796875001 0.603670634375 0.7671957671875 0.605902778125 0.7698412703125 0.609375 0.7757936515625 0.6138392859375
1 0.5429894187500001 0.5709325390625 0.5486111109375 0.572420634375 0.5605158734375 0.5714285718750001 0.561838625 0.568204365625 0.5608465609375 0.5662202375 0.5572089953125 0.5634920640625001 0.5509259265625001 0.56200396875 0.5487764546875 0.56200396875 0.54332010625 0.562748015625 0.541005290625 0.5642361109375 0.5396825390625 0.5674603171875 0.5429894187500001 0.5709325390625
1 0.4484126984375 0.5431547625 0.4480820109375 0.547123015625 0.45238095312500004 0.5505952375 0.45866402187500005 0.5518353171875 0.465608465625 0.5548115078125 0.47222222187499996 0.5560515875 0.4831349203125 0.556299603125 0.48776454999999996 0.5543154765625 0.48809523749999995 0.5533234125 0.4857804234375 0.55009920625 0.47453703750000004 0.5399305562500001 0.46957672031250003 0.5362103171875 0.459656084375 0.5327380953125 0.4579199734375 0.5327380953125 0.4517195765625 0.5329861109375 0.447089946875 0.534722221875 0.446428571875 0.5357142859375 0.4484126984375 0.5431547625
1 0.42526454999999996 0.5540674609375 0.43981481406249995 0.5577876984375 0.446428571875 0.5580357140625 0.4484126984375 0.5572916671875 0.44345238125 0.549851190625 0.440145503125 0.546626984375 0.4358465609375 0.544146825 0.4322089953125 0.5431547625 0.43088624375 0.5431547625 0.42526454999999996 0.543898809375 0.41964285781250005 0.54637896875 0.41798941875000006 0.55009920625 0.42526454999999996 0.5540674609375
1 0.42261904687499996 0.5297619046875 0.42394179843749996 0.52802579375 0.4236111109375 0.52529761875 0.41931216875 0.5223214281249999 0.415013228125 0.521329365625 0.41468253906249997 0.5210813484375 0.41071428593750003 0.5225694437499999 0.41038359843750005 0.5257936515625 0.41600529062499997 0.5292658734375 0.42261904687499996 0.5297619046875
1 0.38326719531250003 0.5394345234375 0.38723545000000004 0.5394345234375 0.390873015625 0.5381944437499999 0.39252645468749997 0.5362103171875 0.3885582015625 0.5327380953125 0.383597884375 0.5302579359374999 0.38161375625 0.5302579359374999 0.378637565625 0.530505953125 0.375661375 0.531994046875 0.3753306875 0.5364583328125 0.38326719531250003 0.5394345234375
1 0.23478835937500003 0.4890873015625 0.24470899531249998 0.4895833328125 0.24801587343749998 0.48834325468750006 0.246362434375 0.484126984375 0.2420634921875 0.48040674531249994 0.234126984375 0.47842261875 0.23115079375 0.47842261875 0.2251984125 0.48090277812500004 0.2242063484375 0.484375 0.2301587296875 0.48784722187499996 0.23478835937500003 0.4890873015625
1 0.1511243390625 0.466021825 0.1544312171875 0.4635416671875 0.152447090625 0.459821428125 0.14781746093749998 0.45510912656249997 0.14417989375 0.4541170640625 0.14384920625 0.4541170640625 0.13723544999999998 0.4585813484375 0.1369047625 0.4632936515625 0.14384920625 0.466021825 0.1511243390625 0.466021825
1 0.040674603125 0.481398809375 0.0489417984375 0.48511904687499996 0.0671296296875 0.4856150796875 0.08796296249999999 0.48809523749999995 0.096230159375 0.48759920625 0.09325396875 0.4858630953125 0.0925925921875 0.484126984375 0.0859788359375 0.48239087343750003 0.078042328125 0.477678571875 0.071097884375 0.4751984125 0.055886243749999995 0.471726190625 0.034391534375 0.46924603125 0.0322420640625 0.46924603125 0.027447090624999997 0.4702380953125 0.0304232796875 0.4739583328125 0.033730159375 0.475446428125 0.040674603125 0.481398809375
1 0.040674603125 0.4982638890625 0.049933862499999995 0.4982638890625 0.0519179890625 0.49429563437499996 0.047288359375 0.491071428125 0.04365079375 0.490575396875 0.043320106250000004 0.49032738125 0.0393518515625 0.491071428125 0.0363756609375 0.4935515875 0.0363756609375 0.49553571406249997 0.040674603125 0.4982638890625