1 0.3815291 0.6703876484375 0.3942857140625 0.66357738125 0.39150396875000004 0.659771825 0.3905796953125 0.6583903765625 0.3781997359375 0.660149553125 0.370387565625 0.66912425625 0.3691626984375 0.6764454359375 0.3815291 0.6703876484375
1 0.1631832015625 0.71528125 0.16389219531250002 0.71147569375 0.15341765937500002 0.7123494546875 0.150273478125 0.7173648312500001 0.155829365625 0.719923115625 0.1631832015625 0.71528125
1 0.2168640875 0.7690880453125 0.20657705 0.7726247515625 0.2051570765625 0.7785240578125 0.2146061515625 0.778954365625 0.2168640875 0.7690880453125
1 0.46197784375 0.5841192953125 0.46445304218750005 0.5807678578125001 0.46476355781249995 0.575806546875 0.4577880296875 0.5761857640625 0.449001984375 0.577444940625 0.4487791 0.583037946875 0.45413988125 0.5855381937499999 0.46197784375 0.5841192953125
1 0.5318521828125 0.5268611109375 0.5414047625 0.53459449375 0.5545856484375 0.5273149796875 0.560020171875 0.5208390374999999 0.5598845906250001 0.5153489578125 0.5464348546875 0.5174697421875 0.54376851875 0.5194905750000001 0.53893353125 0.522913690625 0.5318521828125 0.5268611109375
1 0.5212681875 0.6024866078125 0.5289927249999999 0.6024866078125 0.5391567453125 0.5978462296875 0.5438005953125 0.594460565625 0.5439417984375 0.588420634375 0.5375595234375 0.5885954859375 0.529152115625 0.5918812 0.5194642859374999 0.5964392359375 0.5212681875 0.6024866078125
1 0.5467972890625 0.5647485125 0.5448736765625 0.5661314484375 0.554615409375 0.5666498015625 0.5626286375 0.5648874015625001 0.5699828046875 0.5623901296875 0.5741167328125 0.55857886875 0.577882275 0.55302579375 0.5791170640625001 0.5478926093750001 0.5654583328125 0.55255381875 0.55801488125 0.5558187 0.5548025796875 0.5602410718749999 0.5467972890625 0.5647485125
1 0.5872397484375 0.5753435015624999 0.5992635578125001 0.569255953125 0.6098277109375 0.5611431046875001 0.5979791671875 0.5620391859375 0.586487103125 0.568731646875 0.576972553125 0.5739141859375 0.580035053125 0.5767921625 0.5872397484375 0.5753435015624999
1 0.6601332671875 0.53722743125 0.665338625 0.5325483625 0.6595416671875001 0.5288712796875 0.6545654765625 0.528393353125 0.6482109781250001 0.532349703125 0.64498511875 0.538771825 0.6520582015625 0.539793403125 0.6601332671875 0.53722743125
1 0.5818591265624999 0.5159479171875 0.5848042328124999 0.5121111109375 0.5760582015625 0.5096587296874999 0.5702734781250001 0.5125337296875 0.56979761875 0.5177326390625 0.5738002640625 0.5189454359375001 0.5818591265624999 0.5159479171875
1 0.74420601875 0.4264967765625 0.7392037031250001 0.42570238125 0.73262830625 0.42688070468749995 0.7317542984375 0.42749900781249994 0.7339126984375001 0.43497544687499995 0.742200728125 0.43404960312499996 0.7447916671875 0.42976016875 0.74420601875 0.4264967765625
1 0.74936375625 0.4106954359375 0.7612063484375 0.40394320468749995 0.7612063484375 0.410428075 0.7869107140625 0.4016671625 0.7924368390625001 0.39675496093749996 0.80165079375 0.39282415625 0.8126669968750001 0.391440971875 0.8182027109375 0.38380481093749996 0.822072090625 0.380720734375 0.8324966937499999 0.3767239578125 0.8442655421874999 0.3711592265625 0.8537764546875 0.3632390875 0.8606425265625001 0.35814756875 0.864145171875 0.3531071421875 0.8546583999999999 0.35449305625 0.8470234781249999 0.3527202375 0.8365271156249999 0.3535297625 0.8265902781250001 0.35791319375 0.817935846875 0.3627537203125 0.7965370375 0.37421180625 0.7872513234375 0.3793256453125 0.767251984375 0.38659920625 0.7468647484375001 0.397415178125 0.730692790625 0.40362822343750004 0.721040675 0.41228745 0.7287513234375 0.415155009375 0.7397953046875 0.415155009375 0.74936375625 0.4106954359375