1 0.25892857187499996 0.5508432546875001 0.26521164062499997 0.5538194437499999 0.2771164015625 0.5533234125 0.303902115625 0.5558035718750001 0.308862434375 0.5572916671875 0.31150793593750004 0.5570436515625 0.30820105781249996 0.5533234125 0.3019179890625 0.5515873015625 0.290674603125 0.5458829359374999 0.2731481484375 0.5396825390625 0.2503306875 0.5362103171875 0.2486772484375 0.5362103171875 0.24107142812500001 0.5364583328125 0.24338624375 0.5401785718750001 0.2503306875 0.543402778125 0.25892857187499996 0.5508432546875001
1 0.3495370375 0.5329861109375 0.3511904765625 0.534722221875 0.3551587296875 0.5367063484375 0.362103175 0.5376984125 0.365410053125 0.5376984125 0.36805555624999997 0.5367063484375 0.3710317453125 0.5332341265625 0.372023809375 0.527777778125 0.3710317453125 0.5240575390625 0.3624338625 0.5205853171875 0.3492063484375 0.518353175 0.3485449734375 0.518353175 0.34722222187499996 0.5193452375 0.346230159375 0.5228174609375 0.34821428593750003 0.5265376984375 0.3495370375 0.5329861109375
1 0.4358465609375 0.5572916671875 0.4457671953125 0.561755953125 0.459325396875 0.563244046875 0.462632275 0.5625 0.46428571406249997 0.5610119046875 0.4636243390625 0.55654761875 0.45568783125 0.5510912703125 0.44609788437500003 0.5481150796875001 0.4457671953125 0.5481150796875001 0.43948412656249997 0.549355159375 0.4378306875 0.5505952375 0.4358465609375 0.5535714281249999 0.4358465609375 0.5572916671875
1 0.60648148125 0.6163194437499999 0.609126984375 0.61259920625 0.6021825390625 0.6081349203124999 0.596230159375 0.606894840625 0.5952380953125 0.606894840625 0.590277778125 0.609126984375 0.5919312171875 0.61259920625 0.5985449734375 0.6163194437499999 0.60648148125 0.6163194437499999
1 0.6481481484375 0.6185515875 0.639880953125 0.6210317453124999 0.6365740734374999 0.6237599203124999 0.6352513234375 0.6267361109375 0.6385582015625 0.6299603171875 0.6471560843749999 0.6334325390625 0.6620370375 0.6369047625 0.66865079375 0.6369047625 0.67526455 0.6341765875 0.6822089953125 0.6341765875 0.6957671953125 0.637152778125 0.7119709000000001 0.637152778125 0.7106481484375 0.6334325390625 0.69345238125 0.61904761875 0.6888227515625001 0.6165674609375 0.6785714281249999 0.6130952375 0.678240740625 0.6130952375 0.66898148125 0.6143353171875 0.6577380953125 0.6143353171875 0.6524470906250001 0.6180555562500001 0.6481481484375 0.6185515875
1 0.641203703125 0.6073908734375 0.6421957671875 0.6056547625 0.640542328125 0.6041666671875 0.6375661375 0.6024305562500001 0.634259259375 0.6016865078125 0.6329365078125 0.6016865078125 0.63128306875 0.6024305562500001 0.6335978843750001 0.605902778125 0.6369047625 0.6073908734375 0.641203703125 0.6073908734375
1 0.12665343906249998 0.5248015875 0.133597884375 0.52529761875 0.14417989375 0.5233134921875 0.1448412703125 0.5223214281249999 0.140211640625 0.515625 0.134589946875 0.5111607140625 0.1289682546875 0.509920634375 0.12714947031249998 0.509920634375 0.11309523749999999 0.512152778125 0.11276455 0.515625 0.116402115625 0.519097221875 0.12665343906249998 0.5248015875
1 0.1392195765625 0.4826388890625 0.14550264531249998 0.4828869046875 0.1550925921875 0.481894840625 0.15972222187500001 0.48239087343750003 0.1617063484375 0.484126984375 0.1626984125 0.48239087343750003 0.16501322812500002 0.481398809375 0.16468253906250002 0.48065476250000005 0.1613756609375 0.48065476250000005 0.1544312171875 0.47743055625 0.1392195765625 0.47470238125 0.13723544999999998 0.4737103171875 0.1369047625 0.4737103171875 0.1329365078125 0.47743055625 0.1352513234375 0.4791666671875 0.1365740734375 0.481646825 0.1392195765625 0.4826388890625
1 0.0985449734375 0.46428571406249997 0.09953703750000001 0.4635416671875 0.09920634843750001 0.459821428125 0.0952380953125 0.455853175 0.0929232796875 0.455853175 0.08697089999999999 0.4583333328125 0.0856481484375 0.46006944375 0.090608465625 0.4635416671875 0.0985449734375 0.46428571406249997
1 0.8005952375 0.6785714281249999 0.8042328046874999 0.6793154765625 0.8141534390625 0.6800595234375 0.8177910046875001 0.6790674609375 0.8197751328124999 0.674851190625 0.81878306875 0.672123015625 0.815806878125 0.66865079375 0.8108465609375 0.666170634375 0.8005952375 0.6649305562500001 0.799603175 0.6649305562500001 0.796626984375 0.666170634375 0.79398148125 0.6708829359374999 0.7946428578125 0.67509920625 0.8005952375 0.6785714281249999
1 0.762896825 0.6512896828125 0.76851851875 0.6542658734375 0.7721560843749999 0.6545138890625 0.7757936515625 0.6545138890625 0.7827380953125 0.6520337296875 0.7833994703125 0.650545634375 0.7800925921874999 0.6475694437499999 0.7724867718749999 0.64384920625 0.7698412703125 0.64384920625 0.765211640625 0.644097221875 0.7615740734374999 0.6458333328125 0.7605820109375 0.6478174609375 0.762896825 0.6512896828125
1 0.8855820109374999 0.6832837296875 0.89417989375 0.68427579375 0.8974867718749999 0.6857638890625 0.9047619046875001 0.6855158734375 0.903439153125 0.6820436515625 0.8984788359375001 0.6790674609375 0.891203703125 0.67137896875 0.8882275125 0.669394840625 0.8829365078125001 0.6671626984375 0.8700396828124999 0.66592261875 0.86937830625 0.66592261875 0.860119046875 0.6681547625 0.8630952375 0.675347221875 0.8680555562500001 0.6788194437499999 0.8855820109374999 0.6832837296875
1 0.8349867718749999 0.718998015625 0.8492063484375001 0.7209821421875 0.8630952375 0.721478175 0.8673941796875001 0.7232142859375 0.88128306875 0.7256944437499999 0.8855820109374999 0.7271825390625 0.8948412703124999 0.72842261875 0.903439153125 0.730902778125 0.9110449734375001 0.7306547625 0.90575396875 0.7271825390625 0.8918650796875 0.722222221875 0.8859126984374999 0.718501984375 0.862103175 0.7113095234375 0.859788359375 0.7095734125 0.84424603125 0.70262896875 0.8250661375 0.699652778125 0.8234126984374999 0.699652778125 0.8108465609375 0.700644840625 0.8072089953124999 0.700148809375 0.8035714281249999 0.702876984375 0.8349867718749999 0.718998015625