1 0.12026322812500001 0.3513950890625 0.12026322812500001 0.3624583328125 0.1354570109375 0.37811334375 0.144891865625 0.38363268906250003 0.1733872359375 0.4084139390625 0.17923511875 0.41450024843750005 0.1915648140625 0.42698090312500003 0.209888228125 0.4427083328125 0.217744709375 0.4357259421875 0.208395503125 0.426548859375 0.192851190625 0.41073164687499997 0.20051785781250003 0.4120071921875 0.20178141562500002 0.4075473703125 0.19476289687499998 0.396850446875 0.18142361093749998 0.3884330359375 0.176663690625 0.3801287203125 0.1678974875 0.37351215312499997 0.15863657343749998 0.36587772812499997 0.143165675 0.3513673109375 0.12796494687499999 0.34243204375 0.12185449687500001 0.3415076890625 0.12026322812500001 0.3513950890625
1 0.231930225 0.42534325468749995 0.2314014546875 0.42136359062500006 0.2262638890625 0.41701686562500007 0.22089351875 0.4193122515625 0.22089351875 0.426205109375 0.22686937812500002 0.42661383906249994 0.231930225 0.42534325468749995
1 0.3700142203125 0.4780622515625 0.3722582671875 0.4780615078125 0.3743561515625 0.4764432046875 0.37034656093749996 0.471759425 0.36772685156249996 0.46929191406250004 0.3676127640625 0.46802455312499996 0.3674014546875 0.46692683593749995 0.36083101875 0.4665627484375 0.3599788359375 0.469492559375 0.36214715625 0.4732155265625 0.3700142203125 0.4780622515625
1 0.3486114421875 0.53208358125 0.35555555625 0.5322537203125 0.3512989421875 0.52865079375 0.34963194375 0.5274248515625 0.3478594578125 0.525180059375 0.344336640625 0.5252264390625 0.34282473593749996 0.5261264875 0.34295535781250003 0.5298296125 0.3486114421875 0.53208358125
1 0.35822420625 0.5539883437500001 0.36401488125000003 0.55674925625 0.36780919375 0.5564640375 0.36919841249999996 0.55478745 0.3730515875 0.5538291171874999 0.3714619703125 0.5511537703125 0.3699179890625 0.54857266875 0.36454662656250003 0.5455389390625001 0.3618650796875 0.540910465625 0.35424603125 0.5410704359375 0.3503042328125 0.5423120046875 0.3541901453125 0.5509325390625001 0.35822420625 0.5539883437500001
1 0.39469675937500004 0.526671875 0.39689417968749996 0.529646825 0.398494378125 0.5328353171875 0.4016848546875 0.53623983125 0.40619576718749995 0.5375446421875 0.40866369062499996 0.53977256875 0.41425 0.5449223703125 0.4169973546875 0.5440798609375 0.41705919375 0.5421894843749999 0.4106223546875 0.5350751484375 0.41043783125 0.5321634421875 0.4057781078125 0.5285649796875 0.402689484375 0.5256383921875 0.39958333281249997 0.5255984625 0.3954623015625 0.5213390375 0.39168320156249997 0.519412946875 0.38819709062499996 0.51911483125 0.39109523749999997 0.5232028765625001 0.39469675937500004 0.526671875
1 0.41017493437499997 0.511376240625 0.41260119062499995 0.513009425 0.4159672625 0.5163908734375 0.42204761875 0.5218392859375001 0.424490409375 0.5218392859375001 0.42262797656249995 0.516929315625 0.41931084687500003 0.51359375 0.4143505296875 0.5093598703125 0.41152546250000005 0.50527579375 0.40898148125 0.5042366078125 0.40565707656249994 0.50430704375 0.4056954359375 0.5075491078125001 0.41017493437499997 0.511376240625
1 0.4511405421875 0.5549675093750001 0.4553634265625 0.555662203125 0.457555225 0.5576108625 0.4584970234375 0.55401959375 0.45859193125 0.5508015875 0.453523478125 0.5450877968750001 0.4489160046875 0.5432743062500001 0.44779100468750005 0.5420625 0.44745568750000003 0.541649553125 0.44199371718749997 0.5434821421875 0.4424292328125 0.5457291671875 0.448093584375 0.5531530265625 0.4511405421875 0.5549675093750001
1 0.4454143515625 0.60954141875 0.44767691875000004 0.60697495 0.444935515625 0.6038045640624999 0.44064186562499996 0.600287203125 0.4373931875 0.599903521875 0.4363852515625 0.5979263390625 0.43353042343750003 0.6007842265625001 0.4327767859375 0.6024655265625001 0.4355929234375 0.6071418656249999 0.4454143515625 0.60954141875
1 0.5526230156249999 0.654428571875 0.5563154765625 0.6558157234374999 0.5591703046875 0.6563685515625 0.5591703046875 0.6541383921875 0.5539556875 0.648334821875 0.5498134921875 0.6441907234375 0.54637896875 0.6424533734375 0.5421352515625 0.641383184375 0.5422860453125 0.64522495 0.5444375 0.648586309375 0.547632275 0.6520307546875 0.5526230156249999 0.654428571875
1 0.489270171875 0.6542440468749999 0.48650462968749997 0.6517157734375 0.48262698437499996 0.6481307046875 0.4808925265625 0.6483067953125 0.48366170625000005 0.6531046625 0.4873495375 0.6558442453125 0.489270171875 0.6542440468749999
1 0.6255291 0.8031071421875 0.624310846875 0.8000421624999999 0.6212235453125 0.7967586812499999 0.619583003125 0.795418403125 0.6170853171874999 0.79652728125 0.6194292328125 0.8014360125 0.6229976859375 0.8034496531249999 0.6255291 0.8031071421875
1 0.69400033125 0.75954290625 0.699718584375 0.7582609125 0.6978938484375 0.755756696875 0.6935575390625 0.752524553125 0.69180125625 0.75129761875 0.68930125625 0.7500126484375 0.6874695765625 0.7483759921875001 0.6853115078124999 0.7496051593749999 0.68576488125 0.7528182046875 0.6914920640625 0.7585803578125 0.69400033125 0.75954290625
1 0.744435846875 0.9097919140625 0.7494824734375001 0.915277778125 0.75318055625 0.9192624015625 0.750071759375 0.9195396828125 0.7515522484375 0.9229126984375 0.7530806875 0.927044146875 0.7580502640625 0.9313797125000001 0.76401058125 0.9346688984375 0.77106283125 0.9350572921875001 0.7765135578125 0.93887574375 0.7825539015625 0.9431733625 0.7867929890625 0.9430540671875001 0.7864457671875 0.9390887890625 0.78220205 0.9348067953125 0.7746679890625 0.9273970734375 0.77048545 0.9227671125000001 0.765896825 0.9193328375 0.7629437828125 0.91828521875 0.7616015218750001 0.9159608140625 0.75790079375 0.91356175625 0.7561207015625 0.9127375984375 0.7517658734375 0.908790675 0.747478175 0.9050880453125 0.744024140625 0.906318453125 0.744435846875 0.9097919140625