1 0.3773525125 0.327759671875 0.378645171875 0.3290463796875 0.383049271875 0.3289139390625 0.38732308125000003 0.327200396875 0.39179761874999997 0.3214375 0.390869378125 0.3170419140625 0.3847420640625 0.317008184375 0.3783525125 0.31759895781249997 0.375156415625 0.32358506875000004 0.375156415625 0.32673090312499997 0.3773525125 0.327759671875
1 0.39824173281249997 0.401451140625 0.39992592656250003 0.40623710312499994 0.4036775796875 0.4092366078125 0.41042327968750003 0.4086302078125 0.41262334687499996 0.4033623515625 0.41452976250000007 0.39771701406250004 0.4119093921875 0.3897807546875 0.407196759375 0.3854092265625 0.40213227500000004 0.38303993125 0.3991243390625 0.3872963796875 0.398307209375 0.390777034375 0.398307209375 0.3954290671875 0.39824173281249997 0.401451140625
1 0.40602215625 0.41607242031249997 0.40721527812499997 0.41527653750000004 0.40650760625000004 0.411678571875 0.40460350468749995 0.411743303125 0.4035066140625 0.41292261874999997 0.4035066140625 0.415919146875 0.40602215625 0.41607242031249997
1 0.41421263281250004 0.46760962343749995 0.41421263281250004 0.462453125 0.411678571875 0.45896180624999994 0.40787334687500004 0.46088591250000005 0.408145503125 0.4659950390625 0.41142989375 0.468631696875 0.41421263281250004 0.46760962343749995
1 0.3916623671875 0.4708923609375 0.3899384921875 0.4728400296875 0.3877860453125 0.4752814984375 0.3878505296875 0.4780280265625 0.3878505296875 0.48116493125000004 0.387163690625 0.483623759375 0.38776884843750004 0.48759995 0.38911970937499996 0.48929191406249994 0.3919265875 0.494540921875 0.39716269843749996 0.49827281718750005 0.4011068125 0.49778869062500003 0.402413690625 0.4941173109375 0.4018339953125 0.4869427078125 0.40153968281249997 0.47832514843749996 0.40044808125 0.4701267359375 0.3957893515625 0.4648338296875 0.39298875624999996 0.46499752031249997 0.3916623671875 0.4658767359375 0.3916623671875 0.46894146875000003 0.3916623671875 0.4708923609375
1 0.396026125 0.5682889390625 0.4011068125 0.5650687 0.400901125 0.559743303125 0.3973174609375 0.5521098703125 0.396762565625 0.552186259375 0.3922357796875 0.5539114578125 0.39219014531249996 0.55914136875 0.393461640625 0.5651490578125 0.396026125 0.5682889390625
1 0.43050661406249996 0.5488020828125 0.43145535781250005 0.5489350203125001 0.43102248750000005 0.5422095734375 0.42967857187499997 0.533336309375 0.428384259375 0.5329446921875001 0.4259146828125 0.5388849203125 0.42620601875 0.543063740625 0.42666898125 0.5459139390625001 0.43050661406249996 0.5488020828125
1 0.40752943124999996 0.6226691468750001 0.4063088625 0.620053571875 0.40454761875 0.621219990625 0.40484986718749993 0.6253650796875 0.4069490734375 0.6254541171875 0.40752943124999996 0.6226691468750001
1 0.3902837296875 0.6201641859375 0.389603175 0.61692113125 0.38714351874999997 0.6174047625 0.386946759375 0.621621528125 0.3886660046875 0.6223077875 0.3902837296875 0.6201641859375
1 0.39198577968750004 0.6285119046875 0.39507672031249996 0.6287075890625 0.39570998749999997 0.6250071921875 0.3953703703125 0.6225892859375 0.39312830625 0.6221755953125 0.3913525125 0.6224208828125 0.3913525125 0.625540921875 0.39198577968750004 0.6285119046875
1 0.4176286375 0.659302828125 0.41869444375000003 0.666423859375 0.41869444375000003 0.671177828125 0.4182476859375 0.6763405265625 0.4182476859375 0.68097495 0.42016600468750004 0.6834955359375 0.42488459062499995 0.681680059375 0.42799735468750005 0.6791205359375 0.428851190625 0.68131646875 0.4295853171875 0.6841587296875 0.42988756562499997 0.6868638390624999 0.4336584 0.6851822921874999 0.433766534375 0.67888516875 0.43220172031250004 0.6672209828125 0.43131150781249994 0.6604779265625 0.42917989375000004 0.6552549609375 0.4236960984375 0.6525014875 0.42006183906250005 0.651498015625 0.41724173281250004 0.6529233624999999 0.4176286375 0.659302828125
1 0.42113624375 0.6298320937499999 0.42108630937499997 0.62698363125 0.4194348546875 0.624080853125 0.41720138906250004 0.62411631875 0.417255621875 0.6277212296875 0.418718584375 0.630777778125 0.42113624375 0.6298320937499999
1 0.423601190625 0.6923209328125 0.4226167328125 0.6894124500000001 0.4202972890625 0.689731646875 0.4202972890625 0.6928883921875 0.4220171953125 0.6948851687500001 0.423601190625 0.6923209328125
1 0.43500727499999997 0.70067733125 0.43423115156250003 0.69610243125 0.4335155421875 0.6929950390624999 0.4329586640625 0.69150074375 0.430516865625 0.6915186015625 0.430516865625 0.694726190625 0.43185218281250004 0.6996059031249999 0.43500727499999997 0.70067733125
1 0.4061851859375 0.71545238125 0.40603240781250005 0.7095932546875 0.404742725 0.7036192953125 0.404742725 0.7035853171875 0.4029033453125 0.7019487484375 0.3994732140625 0.70293055625 0.3986286375 0.706826140625 0.39868320156250003 0.7106344250000001 0.40091335937499994 0.7134112109374999 0.40464252656250005 0.7169188984375 0.4061851859375 0.71545238125
1 0.418271825 0.729189484375 0.42213988125 0.7288888890624999 0.422634590625 0.7236547625 0.4199460984375 0.7197842265625 0.41911011875000004 0.7193501984374999 0.41657374375 0.719574653125 0.415075728125 0.7218194437500001 0.4153134921875 0.72702728125 0.418271825 0.729189484375
1 0.4418459 0.743040921875 0.4437827375 0.7384722218750001 0.44148544999999995 0.7334680062500001 0.43797023749999997 0.7271326890625 0.4375631609375 0.7269952875000001 0.4344563484375 0.7287192453125 0.43676587343750006 0.7388427578125001 0.43817228906250005 0.7429196421875 0.4418459 0.743040921875
1 0.45361011875 0.7390421625 0.4514474203125 0.7398665671875 0.45161045 0.7430314984375 0.45602149531249997 0.7430314984375 0.45361011875 0.7390421625
1 0.4039751984375 0.7197708328125 0.4055724203125 0.7237661203125 0.408258928125 0.7259692453125 0.40764980156249997 0.7210620046875 0.4039751984375 0.7197708328125