1 0.3386865078125 0.2145029765625 0.3453981484375 0.21368849218750002 0.3480588625 0.215133184375 0.35258895468749996 0.21467733125000002 0.351321759375 0.2083903765625 0.348608796875 0.2047919140625 0.3452099875 0.20243625937499998 0.33790377031249996 0.20065922656250001 0.3343432546875 0.20056002031250003 0.3288320109375 0.20089236093750001 0.3323981484375 0.2122110609375 0.33627347812499997 0.21216939531249998 0.3386865078125 0.2145029765625
1 0.400634590625 0.29771180625000004 0.40129795 0.304252728125 0.40252943124999996 0.3114379953125 0.4033263890625 0.318959325 0.4094775125 0.3259263390625 0.41320932499999996 0.3255689484375 0.4166316140625 0.327384425 0.4218574734375 0.32379191406249996 0.42372056875 0.3208060515625 0.4240853171875 0.3157708328125 0.4240853171875 0.31136011875 0.422160053125 0.30397197343750004 0.4193300265625 0.300808284375 0.41521395468750005 0.296347965625 0.4102083328125 0.294755953125 0.4053462296875 0.291780009375 0.403998346875 0.2958561515625 0.400634590625 0.29771180625000004
1 0.41964880937500004 0.3330208328125 0.417391534375 0.33191716250000003 0.4136884921875 0.332292659375 0.4142328046875 0.33624255937499997 0.41977909999999996 0.3375505953125 0.41964880937500004 0.3330208328125
1 0.4432989421875 0.40413839218750003 0.4379586640625 0.397429315625 0.4313075390625 0.40073288749999997 0.435078703125 0.40713690468749997 0.4395654765625 0.41123710312500006 0.4432989421875 0.40413839218750003
1 0.40937830625 0.41988392812499997 0.408358465625 0.4280327375 0.40854199687500004 0.43501438437499995 0.4139626328125 0.44587524843750004 0.4169510578125 0.4491411203125 0.42329894218749997 0.4530200890625 0.429545634375 0.4520625 0.43070436562500003 0.45679637968750003 0.43593320156250004 0.457462053125 0.4326240078125 0.4476857640625 0.4266025125 0.43355059531249995 0.426821759375 0.42766691406249996 0.42138789687499995 0.410928571875 0.4122470234375 0.4070396828125 0.41157672031250003 0.4119806546875 0.41157672031250003 0.4152088296875 0.40937830625 0.41988392812499997
1 0.4905334 0.516205109375 0.4900760578125 0.5022884421875 0.485850859375 0.49626562500000004 0.4849332015625 0.4945146328125 0.48193220937500003 0.49778124999999995 0.480646825 0.5019141859375 0.4835634921875 0.5102951390625 0.4905334 0.516205109375
1 0.44007672031249995 0.5466071421875001 0.4445380296875 0.5475357140625 0.4468630953125 0.5418306046875 0.44556944375 0.5322743062499999 0.4414957015625 0.5289069937499999 0.43609193125 0.5277224703125001 0.43428273749999996 0.5303375499999999 0.4348736765625 0.5393452375 0.44007672031249995 0.5466071421875001
1 0.4938039015625 0.6209017859375 0.498869046875 0.637930059375 0.5017374343750001 0.6434685015625 0.5133045640625 0.6399275796875 0.5133045640625 0.6473978171875 0.52225 0.647046875 0.5250476187500001 0.64025868125 0.527946428125 0.634944196875 0.5221865078125 0.62177728125 0.5045618390625 0.6062251984375 0.503382275 0.592866815625 0.4946279765625 0.5844454359375 0.4870777109375 0.5765448906249999 0.482321759375 0.5808556546875 0.4875654765625 0.5975845734375 0.49017427187499996 0.6082368546875 0.4938039015625 0.6209017859375
1 0.45612896875000003 0.62896329375 0.4528812828125 0.6211016859375 0.44983664062499995 0.621497271875 0.4493792984375 0.626875 0.45197089999999995 0.629908978125 0.45612896875000003 0.62896329375
1 0.490299934375 0.61854761875 0.487123346875 0.6205416671874999 0.48983961562499995 0.6263405265624999 0.492759259375 0.6244342765625001 0.490299934375 0.61854761875
1 0.499163690625 0.672902778125 0.50006283125 0.684167659375 0.502597553125 0.693951884375 0.5141732796875 0.6873122515625 0.5174179890625 0.6939866078125 0.5245598546875 0.6946274796874999 0.5224001328125001 0.6823387890625 0.517733796875 0.6673063 0.5116706343749999 0.6608921125 0.5098039015625 0.657889384375 0.5060191796875 0.6551381453125 0.49852380937499996 0.6553720234375 0.4941590609375 0.6581381453125 0.499163690625 0.672902778125
1 0.51050033125 0.7074603171875 0.508880290625 0.70327505 0.5052235453125 0.703698909375 0.5052235453125 0.7057142859375001 0.5052235453125 0.7094771828125 0.51050033125 0.7074603171875
1 0.4848244046875 0.7401951890625 0.48756746093750003 0.735130953125 0.48501058124999996 0.7305466265625 0.48490013281250005 0.728076140625 0.47739351875 0.7275622515625 0.47739351875 0.7341470734375 0.480979496875 0.7387433031249999 0.4848244046875 0.7401951890625
1 0.5126005296875 0.75354141875 0.50751058125 0.744492559375 0.4998075390625 0.7464766859374999 0.500093915625 0.752726190625 0.5046855156250001 0.7576125984375001 0.5126005296875 0.75354141875
1 0.5429255953125 0.7652217265625 0.5413207671875 0.756706596875 0.535134590625 0.7489712296875 0.5321855156249999 0.7505215781250001 0.5321478171875 0.7569702375 0.5322800921875 0.7628439984375001 0.5366911375 0.7674107140624999 0.5429255953125 0.7652217265625
1 0.5561600531249999 0.7598271328124999 0.5543445765625 0.759652778125 0.5524087296875 0.760555803125 0.5524087296875 0.7640994546875 0.55665806875 0.7649848703125001 0.5561600531249999 0.7598271328124999