1 0.40410052968750004 0.6049107140625 0.41005290937499994 0.6083829359374999 0.41832010625000005 0.60987103125 0.4272486765625 0.610119046875 0.43551587343750003 0.612103175 0.44907407343749994 0.6138392859375 0.45634920625 0.6140873015625 0.45734127031250005 0.612847221875 0.44609788437500003 0.6073908734375 0.4391534390625 0.6026785718750001 0.4292328046875 0.5987103171875 0.41832010625000005 0.5949900796875001 0.4047619046875 0.59325396875 0.4011243390625 0.5920138890625 0.3958333328125 0.5917658734375 0.39384920625 0.5917658734375 0.3928571421875 0.5920138890625 0.3928571421875 0.5952380953125 0.397156084375 0.5979662703125 0.40410052968750004 0.6049107140625
1 0.4117063484375 0.6237599203124999 0.4143518515625 0.622023809375 0.415343915625 0.619295634375 0.4113756609375 0.615575396875 0.40839947031249996 0.6148313484375 0.40625 0.6148313484375 0.40046296249999996 0.6160714281249999 0.3991402109375 0.6195436515625 0.4050925921875 0.6230158734375 0.4117063484375 0.6237599203124999
1 0.2761243390625 0.5731646828125 0.2833994703125 0.57490079375 0.2896825390625 0.57490079375 0.2916666671875 0.5729166671875 0.291335978125 0.5679563484375 0.2896825390625 0.5642361109375 0.285052909375 0.561755953125 0.28295866406250003 0.561755953125 0.278769840625 0.561755953125 0.26884920625 0.5639880953125 0.26884920625 0.5674603171875 0.2761243390625 0.5731646828125
1 0.497354496875 0.588045634375 0.49801587343750003 0.5925099203124999 0.5013227515625001 0.5952380953125 0.50562169375 0.596726190625 0.5171957671875 0.596726190625 0.5195105812499999 0.594494046875 0.5195105812499999 0.5892857140625 0.5178571421875 0.584325396875 0.515211640625 0.581597221875 0.5052910046875 0.5793650796875001 0.503306878125 0.5793650796875001 0.5013227515625001 0.5793650796875001 0.4996693125 0.580853175 0.49933862500000004 0.5850694437499999 0.497354496875 0.588045634375
1 0.5882936515625 0.6227678578125 0.5985449734375 0.6267361109375 0.60681216875 0.627480159375 0.6117724875 0.6267361109375 0.61276455 0.6230158734375 0.60582010625 0.6163194437499999 0.596891534375 0.612351190625 0.5922619046875 0.6116071421875 0.5919312171875 0.6116071421875 0.5886243390625 0.61259920625 0.5849867718749999 0.6165674609375 0.5849867718749999 0.6195436515625 0.5882936515625 0.6227678578125
1 0.7427248671875 0.6857638890625 0.7516534390625 0.690228175 0.75562169375 0.690476190625 0.7619047625 0.6894841265625 0.76223545 0.686755953125 0.7612433859375 0.684523809375 0.7582671953125 0.6820436515625 0.7516534390625 0.6790674609375 0.74977943125 0.6790674609375 0.7447089953125 0.6793154765625 0.7410714281249999 0.681299603125 0.740740740625 0.6825396828125 0.7427248671875 0.6857638890625
1 0.803240740625 0.7105654765625 0.8078703703125001 0.7113095234375 0.815476190625 0.7140376984375 0.8210978843750001 0.7137896828125 0.821759259375 0.713045634375 0.8201058203124999 0.709325396875 0.815806878125 0.703373015625 0.8128306875 0.7011408734375 0.8039021156249999 0.697420634375 0.8015873015625001 0.697420634375 0.7929894187500001 0.6991567453124999 0.7886904765625 0.703125 0.79332010625 0.706597221875 0.803240740625 0.7105654765625
1 0.825396825 0.7073412703125 0.83101851875 0.7098214281249999 0.8379629625 0.7108134921875 0.8449074078125 0.7137896828125 0.8614417984375 0.71552579375 0.8660714281249999 0.715277778125 0.8667328046874999 0.713045634375 0.865740740625 0.7108134921875 0.859126984375 0.703125 0.8478835984374999 0.6976686515625 0.8455687828125 0.6954365078125 0.8356481484374999 0.6914682546875001 0.8300264546875 0.690228175 0.827711640625 0.690228175 0.8201058203124999 0.69072420625 0.81812169375 0.6922123015625 0.8201058203124999 0.702876984375 0.825396825 0.7073412703125
1 0.7946428578125 0.6835317453124999 0.7986111109375 0.6827876984375 0.799603175 0.6820436515625 0.7959656078124999 0.678075396875 0.791335978125 0.6763392859375 0.7895724203125 0.6763392859375 0.7860449734375 0.6763392859375 0.7827380953125 0.6788194437499999 0.7900132281250001 0.6830357140625 0.7946428578125 0.6835317453124999
1 0.24834656093750002 0.5143849203124999 0.25562169375 0.515625 0.2572751328125 0.5141369046875 0.2576058203125 0.5114087296875 0.25595238125 0.5084325390625 0.2519841265625 0.5069444437499999 0.24966931250000002 0.5069444437499999 0.2460317453125 0.5074404765625 0.24404761874999997 0.5086805562500001 0.24404761874999997 0.512152778125 0.24834656093750002 0.5143849203124999
1 0.296626984375 0.5334821421875 0.30026454999999996 0.533978175 0.302579365625 0.5327380953125 0.30423280468749997 0.5295138890625 0.296957671875 0.5270337296875 0.2951388890625 0.5270337296875 0.29332010625 0.5270337296875 0.2919973546875 0.528769840625 0.29332010625 0.531498015625 0.296626984375 0.5334821421875
1 0.10548941875 0.5084325390625 0.10185185156250001 0.5049603171875 0.0988756609375 0.5039682546875001 0.097222221875 0.5039682546875001 0.09391534375 0.5049603171875 0.0949074078125 0.5086805562500001 0.10251322812500001 0.5116567453124999 0.10548941875 0.5084325390625
1 0.95634920625 0.762648809375 0.9629629625 0.764880953125 0.9745370375 0.7666170640625001 0.98082010625 0.7668650796875001 0.984126984375 0.765376984375 0.984457671875 0.7589285718750001 0.9798280421875001 0.7552083328125 0.9708994703125 0.750744046875 0.9583333328125001 0.749751984375 0.95601851875 0.749751984375 0.9510582015625 0.7537202375 0.950396825 0.755704365625 0.9520502640625 0.7586805562500001 0.95634920625 0.762648809375
1 0.9285714281249999 0.73759920625 0.9358465609375 0.737847221875 0.9424603171875001 0.734375 0.9391534390625 0.7299107140625 0.93187830625 0.7266865078125 0.9289021156249999 0.7261904765625 0.9270833328125001 0.7261904765625 0.921296296875 0.7271825390625 0.9199735453125 0.73115079375 0.922619046875 0.734126984375 0.9285714281249999 0.73759920625
1 0.9910714281249999 0.8053075390625001 0.9976851859375 0.8077876984374999 0.9996693125 0.8077876984374999 0.9996693125 0.7886904765625 0.972222221875 0.7876984125 0.9646164015625001 0.7864583328125 0.962632275 0.7864583328125 0.9616402109375001 0.7894345234375 0.9623015875 0.7901785718750001 0.9735449734375001 0.7951388890625 0.9910714281249999 0.8053075390625001