3 0.42246428593749996 0.4008452375 0.4304510578125 0.387248759375 0.4313267203125 0.38672966249999996 0.4380393515625 0.3740004953125 0.4369381609375 0.373441715625 0.42789715624999997 0.3876029265625 0.4198670640625 0.40075917656250004 0.42246428593749996 0.4008452375
3 0.4360945765625 0.3884052578125 0.4345763890625 0.38701934531250004 0.4224047625 0.404554315625 0.42426488124999995 0.40553993125 0.4360945765625 0.3884052578125
3 0.4017357796875 0.4497080859375 0.40431018593749996 0.45069543593750006 0.4165638234375 0.4328578875 0.41576917968749993 0.43196502968750006 0.4216071421875 0.4225329859375 0.420117725 0.42216865156249994 0.41158730156249995 0.43347966250000003 0.414601190625 0.427071428125 0.41293783125 0.426681546875 0.406236771875 0.43666319375 0.3870026453125 0.4635290171875 0.37444874375000003 0.48290897812500005 0.3757070109375 0.4835687 0.39210416718749996 0.45932118125 0.4043075390625 0.44333333281250004 0.4017357796875 0.4497080859375
3 0.41919808124999997 0.4282192453125 0.4208445765625 0.4281188 0.4254123671875 0.42080456406250005 0.436009590625 0.404313740625 0.43486308593749995 0.40366472656249996 0.41919808124999997 0.4282192453125
3 0.4855138890625 0.3301545140625 0.48630853125 0.32866765937500003 0.495836640625 0.3138373015625 0.49944609843750004 0.3085310015625 0.5038869046875 0.301050346875 0.502726190625 0.3004290671875 0.4872129625 0.3244508921875 0.4836537703125 0.3297393359375 0.4855138890625 0.3301545140625
3 0.4986901453125 0.321587053125 0.49837599218750006 0.3199486609375 0.49360846562500005 0.3261716265625 0.48782672031249996 0.3339575890625 0.4743296953125 0.3562375984375 0.47663425937500004 0.35701512968750004 0.49440310781249996 0.33069915625 0.49331812187499996 0.329803571875 0.4986901453125 0.321587053125
3 0.37180489375 0.506741815625 0.371041996875 0.5061966765625 0.3687212296875 0.509505953125 0.3628931875 0.5181798109375 0.36162896875 0.5209233625 0.34733796250000004 0.54342261875 0.34848611093750004 0.544008928125 0.35276455 0.5382170140625 0.3650588625 0.518559028125 0.37180489375 0.506741815625
3 0.2819441140625 0.6315830859375 0.2894325390625 0.619573909375 0.2960634921875 0.6111140875000001 0.30520866406249997 0.596974703125 0.30377579374999997 0.60122569375 0.30480059531250003 0.60122569375 0.31233829375 0.5895994546875001 0.31155191875 0.58908680625 0.309262896875 0.590876984375 0.3113151453125 0.5876294640624999 0.3156127640625 0.5810166171875 0.31300826718749997 0.581084325 0.2976917984375 0.6042993546875 0.2807463625 0.631362846875 0.2819441140625 0.6315830859375
3 0.2807192453125 0.638928571875 0.292855159375 0.6202549609375 0.2915777109375 0.6199079859375 0.285487434375 0.628664434375 0.281410053125 0.6345471234375 0.27967261875 0.6335957343749999 0.268042659375 0.6511579859375 0.26912533125000004 0.6518169640625 0.264354496875 0.66017584375 0.26578670625 0.661698909375 0.2807192453125 0.638928571875
3 0.2492843921875 0.66566021875 0.25035879687499996 0.6657671125 0.2633316796875 0.6455572921875 0.26851851875 0.638180059375 0.2660231484375 0.6377289187499999 0.251266865625 0.6594389875 0.252916996875 0.6600662203125001 0.2492843921875 0.66566021875
3 0.2371699734375 0.6982569437499999 0.2457291671875 0.6825741562500001 0.250086309375 0.6754657734375 0.25620436562500004 0.6651312 0.25976058125 0.6608008437499999 0.25767625625 0.660447171875 0.2474662703125 0.677821925 0.2359421296875 0.6980488593749999 0.2371699734375 0.6982569437499999
3 0.26586540937500003 0.6757705859375001 0.2670982140625 0.6756562500000001 0.2744160046875 0.6629561015625 0.27811871718750003 0.6573296125 0.282270503125 0.651794890625 0.27908201093749996 0.6518645828125 0.266540675 0.6718563984375 0.2642678578125 0.6770962296875 0.26586540937500003 0.6757705859375001