2 0.4055816796875 0.418205853125 0.4055816796875 0.42287103125 0.40690806874999996 0.4276125984375 0.407928240625 0.430059771875 0.4092546296875 0.43365401718749996 0.41098941875 0.434571925 0.41313194375 0.43273635937500005 0.41435648125 0.4305186015625 0.4146623671875 0.4283772328125 0.4146623671875 0.4247827375 0.4146623671875 0.41988839218749996 0.41435648125 0.41308184531250003 0.412723875 0.40864632968750003 0.4114993390625 0.40436359062499994 0.4112953046875 0.40291046562500005 0.4088974875 0.4029223703125 0.40721395468750005 0.40528125 0.40649966875 0.4100228171875 0.40578571406249997 0.4141525296875 0.4055816796875 0.418205853125
2 0.48586805625 0.377836309375 0.487040675 0.377430803125 0.48722089999999996 0.37553769843749996 0.48677017187500005 0.3732390875 0.48528174531249996 0.3729419640625 0.4848756609375 0.374929315625 0.4847857140625 0.3766870046875 0.48586805625 0.377836309375
2 0.4428058859375 0.43891765937500005 0.44376686562499995 0.4381974203125 0.44359193125 0.43675694375 0.441932209375 0.43670684531250004 0.44149537031249997 0.4378045640625 0.44149537031249997 0.4387212296875 0.4428058859375 0.43891765937500005
2 0.4275949078125 0.49584350156249996 0.42955886249999997 0.49481324375 0.429067790625 0.4935620046875 0.427005953125 0.49334127031249997 0.42631845312500005 0.494371528125 0.42641666718750004 0.4951810515625 0.4275949078125 0.49584350156249996
2 0.4133574734375 0.5090173609375 0.4148300265625 0.508428571875 0.4147321421875 0.5070302578125 0.412964615625 0.5067358625 0.4121789015625 0.5079868546874999 0.41237533125 0.508722965625 0.4133574734375 0.5090173609375
2 0.44124338593749995 0.509826884375 0.441145171875 0.508722965625 0.44065443125000003 0.5078397812500001 0.4395251328125 0.5076937 0.43888690468749997 0.5088700390625001 0.4392797625 0.5104893359375 0.44065443125000003 0.5110044640625 0.44124338593749995 0.509826884375
2 0.421605159375 0.505116815625 0.4227837296875 0.50423363125 0.42229265937499993 0.5029087296875 0.42101620312500004 0.5029087296875 0.42013260625 0.5037182546875 0.4207215609375 0.5048958328125 0.421605159375 0.505116815625
2 0.501335978125 0.5079868546874999 0.5028088625 0.5074717265625 0.5029070765625 0.50563194375 0.50113955 0.5053923609375001 0.5004523812499999 0.5067358625 0.5003541671875 0.5075453875 0.501335978125 0.5079868546874999
2 0.42727380937500004 0.5066577375 0.428262896875 0.5057857140625 0.42762301562499994 0.5048263890625 0.425935846875 0.5048263890625 0.4257033734375 0.5056984124999999 0.4258776453125 0.506527034375 0.42727380937500004 0.5066577375
2 0.42128207656249994 0.5086634421875 0.42296924531249996 0.50870709375 0.42320172031250003 0.5074861109375 0.42285284375 0.506527034375 0.421398478125 0.506670634375 0.4207585984375 0.5073554062500001 0.4204675921875 0.5080530750000001 0.42128207656249994 0.5086634421875
2 0.5079556875 0.583540675 0.5092182546874999 0.5840729171875 0.5110334 0.5838955859375 0.5115069437499999 0.5822393359375 0.5107175921875 0.5814112109375 0.509060515625 0.581174603125 0.5080343921875 0.58206175625 0.50779761875 0.58271255 0.5079556875 0.583540675
2 0.5208118390625 0.7794513890625 0.5215046296875 0.7812688484375 0.5244490734375 0.7825669640624999 0.526700728125 0.7806197921875 0.5268736765625001 0.7767251984375 0.5244490734375 0.774648065625 0.5208118390625 0.7747780265624999 0.5208118390625 0.7765954859375 0.5208118390625 0.77737425625 0.5208118390625 0.7794513890625