3 0.47349669375000003 0.422112103125 0.4729259265625 0.42874702343750004 0.47264054218749996 0.4325994546875 0.47245039687499996 0.435809771875 0.47340178593750004 0.436451884375 0.4738773140625 0.4352390875 0.4752089953125 0.42204092187500003 0.4767311515625 0.408628471875 0.47711177187500003 0.4032780265625 0.47711177187500003 0.398712053125 0.475505621875 0.3991071421875 0.47473346562499996 0.4051326890625 0.47435284375000003 0.41026934531250003 0.4737820765625 0.41554861093750006 0.47349669375000003 0.422112103125
3 0.45323379687500004 0.410584821875 0.452472884375 0.42092956406250004 0.45294841249999995 0.4227130453125 0.45408994687500004 0.42392584375000003 0.4558974875 0.40908680625000005 0.45684887500000004 0.39667336249999996 0.4573247359375 0.3861145828125 0.45713425937499996 0.3849732140625 0.4555244703125 0.3853700390625 0.45513657343749997 0.391821925 0.4539950390625 0.4019526296875 0.45323379687500004 0.410584821875
3 0.45535152187500005 0.354059771875 0.45690509218750003 0.34428993124999996 0.4576223546875 0.3370297625 0.4582199078125 0.32950074375 0.45893716875 0.3234057546875 0.457244046875 0.3233432546875 0.454156415625 0.3525359625 0.454156415625 0.3543286203125 0.45535152187500005 0.354059771875
3 0.456236771875 0.36876959375 0.45640476249999995 0.36990327343749996 0.4574123671875 0.369336309375 0.4592599203125 0.3561748515625 0.45993154687500004 0.345532490625 0.458678571875 0.3452844734375 0.457160384375 0.3543487109375 0.456152778125 0.367447171875 0.456236771875 0.36876959375
3 0.47306382343750003 0.52283755 0.47274206406249997 0.5312876984375 0.47274206406249997 0.5359553578125 0.47306382343750003 0.53692113125 0.473707671875 0.5370017359375 0.474781084375 0.5297586812499999 0.47681977499999995 0.5167212296875 0.4774639546875 0.5081904765624999 0.47875165312499995 0.49217534687500003 0.47842956406250003 0.49080704375 0.4760687828125 0.4908876484375 0.4746736109375 0.51020238125 0.47413690468749997 0.518894096875 0.47306382343750003 0.52283755
3 0.45788657343750006 0.4713856640625 0.45745601875 0.48409052656249996 0.4565945765625 0.49033531718749995 0.45846097812500003 0.490873759375 0.45860449687499993 0.487105159375 0.46262466875 0.44179290625 0.4637731484375 0.4256423609375 0.46276818750000004 0.424350446875 0.46205026406250005 0.4251041671875 0.46104530468749993 0.4398385421875 0.4594659390625 0.4541584828125 0.45788657343750006 0.4713856640625
3 0.462266534375 0.3549325390625 0.4609745375 0.36968303593749996 0.45968220937500004 0.381849703125 0.4601130953125 0.38400297656250004 0.46169246093750005 0.383680059375 0.462553571875 0.36946775781249996 0.464850859375 0.34944146875 0.4661431875 0.34954910781250004 0.4672916671875 0.3416892359375 0.4681531078125 0.33253745 0.46901455 0.3181599703125 0.4681531078125 0.316544890625 0.46915806875 0.3125610125 0.470593915625 0.3118075390625 0.470737434375 0.3091158234375 0.46944510624999997 0.3078236609375 0.4701630296875 0.301363590625 0.46944510624999997 0.299533234375 0.467722221875 0.299533234375 0.464994378125 0.32295486093750003 0.46398941875000005 0.3374900796875 0.462266534375 0.3549325390625
3 0.47752248750000004 0.3340967265625 0.47996329375 0.3096557546875 0.4803941796875 0.3036264875 0.479078703125 0.3030634921875 0.475799603125 0.3296822921875 0.475943453125 0.3334506453125 0.47752248750000004 0.3340967265625
3 0.47149239375 0.3791103671875 0.47307175937499996 0.378464534375 0.47508201093749997 0.36134499062500003 0.4752255296875 0.3509012890625 0.47508201093749997 0.349070684375 0.4733349875 0.3511240078125 0.4720667984375 0.368451140625 0.47163624375 0.3759880953125 0.47149239375 0.3791103671875
3 0.4691838625 0.39677653749999997 0.4688796296875 0.4042978671875 0.4698928578125 0.40809672656249996 0.4715138890625 0.4094640375 0.47242559531249995 0.394953125 0.473641203125 0.38226537656250004 0.47333730156250003 0.38067013906249997 0.47192691875000004 0.3815124015625 0.47039947031249996 0.393509671875 0.46969014531250003 0.3947251984375 0.4691838625 0.39677653749999997
3 0.46462466874999997 0.41835639843749994 0.464726190625 0.41630505937500006 0.46523280468749995 0.40187003906249996 0.46482738125 0.400350446875 0.4638210984375 0.40127108125 0.46330787031250004 0.41615302656250003 0.4634090609375 0.4182802578125 0.46462466874999997 0.41835639843749994
3 0.4684586640625 0.48124131875 0.469589615625 0.48350272812500006 0.46933829375 0.48840252968750003 0.47134854531250003 0.48811979218749996 0.47185119062499997 0.48020486093750003 0.47260515937500003 0.46899181562500003 0.473987434375 0.4556116078125 0.4733591265625 0.45410391875 0.47084590000000004 0.46362078437500004 0.4694639546875 0.46616493124999997 0.4684586640625 0.48124131875
3 0.44731084687499995 0.56657738125 0.44747949687500005 0.5706277281250001 0.44984259218749995 0.572146825 0.45186805625000004 0.562653521875 0.45406250000000004 0.5613876484375 0.45456878281249996 0.55442584375 0.45575033125 0.54278050625 0.45439980156250004 0.54126165625 0.45473743437499997 0.5367048609375 0.455075065625 0.5302492562500001 0.4534861109375 0.53022420625 0.45051785781250003 0.5507549609375 0.4488300265625 0.551387896875 0.44731084687499995 0.56657738125
3 0.460251984375 0.526741815625 0.4591421953125 0.535620784375 0.46062202343749997 0.5377482640625 0.46210218281250004 0.52803670625 0.462965278125 0.514070684375 0.46358201093750007 0.502324653125 0.46321197031250005 0.50176959375 0.462112434375 0.5022638890625 0.46148544999999996 0.51268353125 0.46074537031249996 0.515365575 0.460251984375 0.526741815625
3 0.44547122968749997 0.488524553125 0.44656712968749995 0.4911540171875 0.4468958328125 0.4961666671875 0.44853935156249997 0.4978102671875 0.44963525156250006 0.495509425 0.4511693125 0.4746369046875 0.451498015625 0.4645295140625 0.4511693125 0.46239310468749995 0.449207671875 0.461866071875 0.447553240625 0.4850731640625 0.44569047656249994 0.48564831406250003 0.44547122968749997 0.488524553125
3 0.4862182546875 0.340728421875 0.48953306875 0.34172271875 0.49041699687499996 0.32622743125000003 0.4913009265625 0.309737846875 0.48975396875 0.309737846875 0.48953306875 0.3099866078125 0.48888425937499996 0.311565228125 0.485776125 0.3350109125 0.486549603125 0.3373311015625 0.4862182546875 0.340728421875