2 0.0363756609375 0.24826388906250002 0.031400132812499995 0.24439136874999998 0.0229388234375 0.242783978125 0.0208333328125 0.243799603125 0.01951058125 0.24479166718749998 0.0257936515625 0.2490079359375 0.0330687828125 0.250744046875 0.0363756609375 0.24826388906250002
2 0.059479828125 0.244677828125 0.058802909375000004 0.2434935515625 0.05698346562499999 0.24249231093749998 0.050700396875 0.24125223281250002 0.045740079687500004 0.2417482640625 0.0496650125 0.24510094218749998 0.054290343750000004 0.2460314984375 0.056772156250000004 0.2462006453125 0.059479828125 0.244677828125
2 0.103505290625 0.2760416671875 0.0985449734375 0.27256944375000003 0.090277778125 0.27157738125 0.08829365156249999 0.2728174609375 0.091269840625 0.2760416671875 0.10218253906250001 0.278521825 0.103505290625 0.2760416671875
2 0.1498015875 0.2827380953125 0.1484788359375 0.2795138890625 0.14384920625 0.2762896828125 0.141203703125 0.27529761875 0.13194444375 0.2757936515625 0.1329365078125 0.2795138890625 0.1369047625 0.281994046875 0.14451058125 0.2832341265625 0.1498015875 0.2827380953125
2 0.17989417968750002 0.2792658734375 0.17526455000000002 0.2770337296875 0.1699735453125 0.2775297625 0.1699735453125 0.2800099203125 0.174603175 0.2832341265625 0.1822089953125 0.2827380953125 0.17989417968750002 0.2792658734375
2 0.21294510625 0.3146408734375 0.214328703125 0.3121505453125 0.2123015875 0.3105158734375 0.20634920625 0.30654761875 0.20063095312499998 0.3071703875 0.197310515625 0.307481646875 0.196097884375 0.3102678578125 0.19973544999999998 0.312748015625 0.20833333281250002 0.3147321421875 0.21294510625 0.3146408734375
2 0.2076719578125 0.3318452375 0.21362433906249997 0.33134920625 0.2142857140625 0.32762896874999997 0.203042328125 0.32366071406249997 0.1990740734375 0.3239087296875 0.1977513234375 0.3244047625 0.19874338593750002 0.32762896874999997 0.203042328125 0.3303571421875 0.2076719578125 0.3318452375
2 0.26455026406250004 0.33134920625 0.262896825 0.328125 0.2579365078125 0.325148809375 0.24801587343749998 0.322420634375 0.24338624375 0.3229166671875 0.24173280468749997 0.32465277812500004 0.24801587343749998 0.3296130953125 0.2579365078125 0.3318452375 0.26455026406250004 0.33134920625
2 0.347552909375 0.35590277812500004 0.346891534375 0.35243055624999997 0.3455687828125 0.3516865078125 0.33928571406249997 0.3501984125 0.3359788359375 0.3509424609375 0.334656084375 0.35243055624999997 0.3382936515625 0.35590277812500004 0.3452380953125 0.356894840625 0.347552909375 0.35590277812500004
2 0.428571428125 0.3829365078125 0.43055555625 0.3802083328125 0.4298941796875 0.3764880953125 0.42559523749999995 0.3710317453125 0.421957671875 0.3700396828125 0.41865079375 0.37053571406249997 0.41468253906249997 0.3737599203125 0.4143518515625 0.37847222187499996 0.4169973546875 0.3814484125 0.421626984375 0.3834325390625 0.428571428125 0.3829365078125
2 0.343215278125 0.38860937500000003 0.348012565625 0.3903814484375 0.3527380953125 0.3922068453125 0.356318121875 0.3932807546875 0.35925396875 0.39424727187499997 0.35903902187500003 0.3923142359375 0.3585380296875 0.39000545625 0.35603174531250004 0.38834102187499997 0.35173577968749997 0.3863005953125 0.3472248671875 0.385387896875 0.3427857140625 0.3851192953125 0.33879001249999996 0.38544295625 0.3379884265625 0.38646180625 0.33999305625 0.3873209328125 0.343215278125 0.38860937500000003
2 0.37942295000000004 0.38638566406249997 0.3828597890625 0.3876205359375 0.38586706406250004 0.387996528125 0.3886593921875 0.3877279265625 0.3890889546875 0.3862244546875 0.38679795 0.384076884375 0.3825734125 0.3828955859375 0.3787748015625 0.3821927078125 0.3776329359375 0.383056546875 0.3774179890625 0.3843990578125 0.37942295000000004 0.38638566406249997
2 0.3591736109375 0.3693387890625 0.3639709 0.37084226249999996 0.367192790625 0.37105704375 0.36833829375 0.3695 0.3660472890625 0.3674060015625 0.3616078046875 0.36568774843749996 0.356667328125 0.3647212296875 0.3533736765625 0.3648821921875 0.3533022484375 0.36660044687500004 0.35516369062500003 0.367996528125 0.3591736109375 0.3693387890625
2 0.37430555625 0.376524553125 0.3770264546875 0.375396825 0.3765968921875 0.3737859625 0.373375 0.3729268359375 0.3707255296875 0.3731416171875 0.3705109125 0.3745915171875 0.37179960312500004 0.375396825 0.37430555625 0.376524553125
2 0.397714946875 0.38406944374999996 0.40029265937499997 0.38514335312500003 0.40358630937499995 0.385519096875 0.4053763234375 0.3838546625 0.4029417984375 0.38197544687499996 0.398144840625 0.3805255453125 0.3938485453125 0.38063293593749997 0.3937053578125 0.38181423593749997 0.39477943125000003 0.3827807546875 0.397714946875 0.38406944374999996
2 0.44100330625 0.37530282812500004 0.44458333281250006 0.3763767359375 0.44794874374999993 0.3766450890625 0.4503115078125 0.37675247968750003 0.45095601875 0.3754637890625 0.44859325468750005 0.3746584828125 0.4433664015625 0.37245709374999997 0.43892691875 0.371490575 0.4356994046875 0.3714826390625 0.4358482140625 0.37283283749999996 0.438067790625 0.3740141375 0.44100330625 0.37530282812500004
2 0.49280158749999997 0.402694940625 0.49752711562499996 0.40403745 0.5021812171875 0.40360788750000004 0.5023244046875 0.40183581406249996 0.4990307546875 0.4004399796875 0.49437665312499995 0.39925868124999997 0.49058167968750005 0.3994734625 0.48957936562500004 0.4006547625 0.4903670640625 0.4015674609375 0.49280158749999997 0.402694940625
2 0.546957671875 0.439980159375 0.5539021156249999 0.44345238125 0.55654761875 0.44444444375 0.5605158734375 0.44469246093750003 0.5638227515625001 0.443700396875 0.56812169375 0.44097222187499996 0.5691137562499999 0.4389880953125 0.5671296296875 0.4357638890625 0.5615079359374999 0.4320436515625 0.5522486765625 0.42906746093750003 0.55026455 0.42757936562500004 0.546957671875 0.42633928593750003 0.5396825390625 0.4270833328125 0.5390211640625 0.428075396875 0.5390211640625 0.4320436515625 0.5400132281250001 0.43427579375 0.546957671875 0.439980159375
2 0.5744047625 0.4273313484375 0.5800264546875 0.4268353171875 0.5830026453125 0.42559523749999995 0.5833333328125 0.42509920625 0.5820105812499999 0.421875 0.5767195765625 0.41865079375 0.5674603171875 0.41617063437499996 0.5641534390625 0.4169146828125 0.5638227515625001 0.41765872968749995 0.5641534390625 0.421875 0.5691137562499999 0.42534722187499996 0.5744047625 0.4273313484375
2 0.54398148125 0.42385912656249997 0.54431216875 0.42385912656249997 0.5453042328125 0.424603175 0.546626984375 0.42509920625 0.547288359375 0.42509920625 0.547619046875 0.424851190625 0.5489417984375 0.424851190625 0.55026455 0.424355159375 0.5505952375 0.4228670640625 0.5509259265625001 0.42261904687499996 0.5509259265625001 0.421626984375 0.5499338625 0.4206349203125 0.547288359375 0.41964285781250005 0.5456349203124999 0.41964285781250005 0.54398148125 0.4201388890625 0.5423280421875 0.42137896875 0.5423280421875 0.422123015625 0.5429894187500001 0.4231150796875 0.54398148125 0.42385912656249997
2 0.5257936515625 0.4677579359375 0.5241402109375 0.462549603125 0.521494709375 0.46006944375 0.515542328125 0.4580853171875 0.5089285718750001 0.45907738125 0.5079365078125 0.459821428125 0.5085978843750001 0.4635416671875 0.51884920625 0.4675099203125 0.5257936515625 0.4677579359375
2 0.5641534390625 0.481894840625 0.565806878125 0.48090277812500004 0.565806878125 0.47718253906249997 0.5641534390625 0.47569444375 0.5601851859375 0.4737103171875 0.5548941796875 0.4737103171875 0.5548941796875 0.47743055625 0.5572089953125 0.4794146828125 0.561838625 0.481646825 0.5641534390625 0.481894840625
2 0.6789021156249999 0.4898313484375 0.6789021156249999 0.48635912656249997 0.671626984375 0.48090277812500004 0.6646825390625 0.4796626984375 0.6577380953125 0.48065476250000005 0.6574074078125001 0.484126984375 0.6640211640625 0.48809523749999995 0.6749338625 0.490575396875 0.6789021156249999 0.4898313484375
2 0.640873015625 0.5086805562500001 0.6385582015625 0.5052083328125 0.6299603171875 0.503472221875 0.628306878125 0.5052083328125 0.634589946875 0.5086805562500001 0.6369047625 0.509424603125 0.640873015625 0.5086805562500001
2 0.7447089953125 0.48090277812500004 0.7427248671875 0.477678571875 0.7374338625 0.4751984125 0.73181216875 0.4737103171875 0.728174603125 0.4739583328125 0.7271825390625 0.474950396875 0.7271825390625 0.4779265875 0.734126984375 0.48214285781250005 0.7410714281249999 0.4826388890625 0.7447089953125 0.48090277812500004
2 0.73082010625 0.5270337296875 0.737103175 0.5257936515625 0.7357804234375 0.5225694437499999 0.7291666671875 0.519097221875 0.7238756609375 0.5176091265625 0.71924603125 0.5178571421875 0.7179232796874999 0.519097221875 0.7202380953125 0.5230654765625 0.7225529093749999 0.5243055562500001 0.73082010625 0.5270337296875
2 0.8138227515625 0.51884920625 0.8111772484375 0.515376984375 0.8058862437500001 0.512648809375 0.8005952375 0.5111607140625 0.796296296875 0.5116567453124999 0.796957671875 0.515376984375 0.8022486765625001 0.51884920625 0.808862434375 0.5200892859375 0.8138227515625 0.51884920625
2 0.692983796875 0.51596478125 0.695652778125 0.516261409375 0.696740409375 0.5144821421875 0.6946643515625001 0.51248040625 0.6910062828125 0.511368303125 0.687546296875 0.5114424609375 0.6868541671874999 0.5132217265625 0.6892268515625 0.514704365625 0.692983796875 0.51596478125
2 0.742156415625 0.5072760421875 0.744430225 0.5071277281250001 0.7446279765625 0.5055709328125 0.7408713625 0.5037916671875 0.737806546875 0.504162203125 0.7384986765625 0.5054967765625 0.7402781078125 0.5066827875000001 0.742156415625 0.5072760421875
2 0.71289351875 0.479771578125 0.71576058125 0.479994046875 0.7159583328125 0.47739905781249997 0.7130912703125001 0.4754717265625 0.7082470234375 0.474804315625 0.7045162031250001 0.47538244062499996 0.7049847890625001 0.4774732140625 0.7096312828125 0.4789561015625 0.71289351875 0.479771578125
2 0.7676342593750001 0.4863489578125 0.7696114421875 0.4863489578125 0.77079761875 0.48434722187499996 0.7691170640625 0.48241964218750005 0.7649649468749999 0.481530009375 0.76170238125 0.48182663750000004 0.7615046296875 0.4835317453125 0.7636795640625 0.48486607187499997 0.7676342593750001 0.4863489578125
2 0.8670634921874999 0.5848214281249999 0.8670634921874999 0.5885416671875 0.8707010578125001 0.593005953125 0.8759920640625 0.5959821421875 0.8882275125 0.6004464281249999 0.8918650796875 0.6029265875 0.9007936515624999 0.605902778125 0.903769840625 0.6046626984375 0.9047619046875001 0.6021825390625 0.8955026453125001 0.5882936515625 0.8832671953125001 0.5823412703125 0.8660714281249999 0.5768849203124999 0.8617724875 0.5763888890625 0.858796296875 0.5771329359374999 0.858796296875 0.578373015625 0.86276455 0.58134920625 0.865410053125 0.581597221875 0.8670634921874999 0.5848214281249999
2 0.6517857140625 0.46006944375 0.6521164015625 0.45634920625 0.6474867718749999 0.452876984375 0.64318783125 0.4516369046875 0.6335978843750001 0.452876984375 0.6332671953125 0.45634920625 0.640211640625 0.4595734125 0.64417989375 0.4605654765625 0.6517857140625 0.46006944375
2 0.635680225 0.4470498515625 0.6393134921875 0.4472313984375 0.6423816140625 0.44656547656249995 0.6403630953125 0.4447490078125 0.6362453703125001 0.4428720234375 0.6314818125 0.4414794140625 0.6283495375 0.44204960312499997 0.62938260625 0.4443856640625 0.6323700390625 0.445959821875 0.635680225 0.4470498515625
2 0.22453703749999998 0.3521825390625 0.22585978906249998 0.3511904765625 0.22685185156249998 0.3489583328125 0.222222221875 0.344494046875 0.209986771875 0.34052579375 0.20238095312499998 0.341021825 0.2020502640625 0.3452380953125 0.20568783124999998 0.3474702375 0.2202380953125 0.3519345234375 0.22453703749999998 0.3521825390625
2 0.91170965625 0.5831617062500001 0.9157896828125001 0.58469146875 0.91875694375 0.58434375 0.9193131609374999 0.582396825 0.9164388234375 0.579893353125 0.9120806874999999 0.578433284375 0.9081861765625 0.5787810015625 0.907722553125 0.5803107640625 0.9089279093749999 0.5820491078125001 0.91170965625 0.5831617062500001
2 0.9425419968750001 0.56493055625 0.9453237437500001 0.5654174109375 0.9476418656250001 0.56340079375 0.9456018515625001 0.56061954375 0.9413366406250001 0.5588115078125 0.937164021875 0.5585334828125 0.9336028437499999 0.5592311515625 0.934567790625 0.5617321421875 0.9380912703125001 0.5632619046875 0.9425419968750001 0.56493055625
2 0.6803964953125 0.5188353171875 0.6827724875000001 0.5197442953125 0.68456646875 0.5201805562499999 0.6868452375 0.5196716265625 0.686990740625 0.5175627484375 0.68582705 0.5167991078124999 0.6829176593749999 0.51574454375 0.68001124375 0.5157244546875 0.679814484375 0.5166173109375001 0.6794265875 0.5173080359375 0.6803964953125 0.5188353171875