3 0.440601521875 0.3318454859375 0.441103175 0.314881696875 0.43915310781250005 0.31435069375 0.43709325468750004 0.351355159375 0.44068187812500004 0.350928075 0.440601521875 0.3318454859375
3 0.44778538437500004 0.3494345234375 0.44511375624999994 0.349637896875 0.444549603125 0.3826314484375 0.44741269843750003 0.38549206406250003 0.44778538437500004 0.3494345234375
3 0.417851521875 0.4474298109375 0.419134259375 0.4094404765625 0.41579001250000003 0.4101954359375 0.4149037703125 0.43579340312500003 0.4151038359375 0.4481212796875 0.417851521875 0.4474298109375
3 0.4340631609375 0.6265441468749999 0.43386044999999995 0.6081329359375001 0.4337728171875 0.5796088796875 0.432119378125 0.579871528125 0.4315410046875 0.592994046875 0.4317546296875 0.6264045140625 0.4340631609375 0.6265441468749999
3 0.4297678578125 0.297533234375 0.42974966875 0.295366815625 0.430007275 0.2883412703125 0.42974404687499995 0.2675451390625 0.42812235468750004 0.2674588296875 0.427590278125 0.26783358125 0.42650033125000003 0.29782390937500003 0.4297678578125 0.297533234375
3 0.4276514546875 0.35729613125 0.426742725 0.3556587296875 0.42706183906249995 0.3431235125 0.4245446421875 0.34262053593749997 0.42295535781250004 0.3717844734375 0.4264054234375 0.37398363125 0.4276514546875 0.35729613125
3 0.4290449734375 0.5095607640625001 0.4319272484375 0.5101346718750001 0.43274999999999997 0.4808360609375 0.43403571406249997 0.48083705312499997 0.43452943125 0.47422594218749997 0.4357046953125 0.44952579375 0.43338194375 0.4500193453125 0.43233862500000003 0.4626889875 0.4300982140625 0.477866071875 0.4290449734375 0.5095607640625001
3 0.4222966265625 0.46231076406250005 0.420396825 0.4619223703125 0.4198670640625 0.4831999015625 0.4224748671875 0.483314484375 0.4222966265625 0.46231076406250005
3 0.441869709375 0.5116408734375 0.43933366406249996 0.511428571875 0.438994046875 0.522809028125 0.44126157343749994 0.523566715625 0.441869709375 0.5116408734375
3 0.4226574078125 0.554235615625 0.424361771875 0.53300396875 0.425626984375 0.5130518359375 0.42269212968750003 0.5125255453124999 0.42028340000000003 0.5488869046875 0.42062367656250005 0.5540987109375 0.4226574078125 0.554235615625
3 0.44360416718750006 0.42051984062500003 0.44185846562500003 0.4197204859375 0.441619709375 0.44302430625 0.44370403437499994 0.44285243124999996 0.44360416718750006 0.42051984062500003
3 0.42029232812500006 0.7394732140625 0.420921296875 0.7231170640625 0.42298743437499997 0.699773065625 0.4244629625 0.6994092265625 0.4244639546875 0.6957408234375 0.4244404765625 0.685065228125 0.42314980156250004 0.6863509421875 0.422994046875 0.6838407734375 0.4232437171875 0.6767919140624999 0.42085813437499997 0.6763563984375 0.4194920640625 0.70146329375 0.4182711640625 0.73921875 0.42029232812500006 0.7394732140625
3 0.431164021875 0.791451884375 0.43187334687499995 0.7895109125 0.43322685156249996 0.7788625984374999 0.431825065625 0.77841790625 0.432358465625 0.769334078125 0.433416996875 0.7690322421875 0.43331646875 0.7617135421875 0.431262896875 0.7613988093749999 0.4293535046875 0.7718392859375001 0.43034887499999996 0.7833249015625 0.431164021875 0.791451884375