3 0.533042328125 0.2837056046875 0.5314120375 0.29058358125 0.5290459656250001 0.3012048609375 0.5282040343750001 0.3078985609375 0.5271216937500001 0.315514384375 0.525067790625 0.32656101249999997 0.5201240078125 0.356869046875 0.522535053125 0.35640947343749996 0.5252728171875 0.34301860156249997 0.532273478125 0.30014930624999997 0.5333812828125 0.29384796562500004 0.534259590625 0.2884615578125 0.5351861765625 0.2829208828125 0.533042328125 0.2837056046875
3 0.5320575390625 0.36659201406249997 0.5305178578125 0.37797271875 0.5279821421875 0.39505629999999997 0.5244950390625001 0.41629464218749995 0.52662830625 0.414337053125 0.52894510625 0.398707340625 0.5342787703125 0.3672135421875 0.536277778125 0.3547765375 0.5375211640625001 0.346512153125 0.536226190625 0.3468169640625 0.5344031078125 0.3542557046875 0.5320575390625 0.36659201406249997
3 0.48099933906250003 0.7483936015625 0.48036904687500004 0.7547182546875 0.4795783734375 0.7677428078124999 0.481523478125 0.768476190625 0.4852275125 0.7353139875 0.48719808125 0.7257177578125 0.4875816796875 0.7227797625 0.48558101875000004 0.72258209375 0.48099933906250003 0.7483936015625
3 0.4332126328125 0.8158283734375 0.43485912656250003 0.8163219249999999 0.43895304218750003 0.78887896875 0.44157738125 0.7699399796875 0.4433376328125 0.759720734375 0.44547982812500003 0.7430701890625 0.44296395468750005 0.7428874015625 0.439332671875 0.765700396875 0.4371316140625 0.7802653765625001 0.4332126328125 0.8158283734375
3 0.5194292328125 0.5106386406250001 0.520333003125 0.5030798609375 0.521700728125 0.4929771828125 0.5237470234375 0.47792832343749997 0.5229047625 0.47781919687499996 0.5176550921875 0.5137748015625 0.5188664015625 0.513959821875 0.5194292328125 0.5106386406250001
3 0.5146722890625 0.5449310515625 0.515998346875 0.5352353671875 0.5171150796874999 0.5270009921875001 0.5189017859375 0.5146421125 0.517789021875 0.514436259375 0.513299271875 0.5461292156249999 0.5144801593749999 0.54641641875 0.5146722890625 0.5449310515625
3 0.527115409375 0.52372743125 0.525833003125 0.5372313984375 0.5265760578124999 0.5379389875 0.5265482796875001 0.538877728125 0.5261527781249999 0.545019096875 0.527255621875 0.5451096234375 0.5278726859375 0.5417398312499999 0.527895503125 0.5383888890625 0.5285618390625 0.5370629953125 0.5285618390625 0.534158234375 0.5299034390624999 0.5245823406250001 0.530508928125 0.5188045640625 0.531240409375 0.5161103671875 0.5314494046875 0.5117142859375 0.5305575390625 0.5115768843749999 0.5293379625 0.5207328875 0.5273955031249999 0.5213784718750001 0.527115409375 0.52372743125
3 0.5078683859375 0.5171599703124999 0.5068485453125 0.5172688484375 0.5059679234375001 0.5239521328125 0.5055370375 0.5291845234375 0.50431646875 0.5413931046875 0.5028667328124999 0.541633928125 0.50285648125 0.5457899312500001 0.5045734125 0.546099703125 0.5073118390625 0.525908234375 0.5078683859375 0.5171599703124999
3 0.5191068125 0.390988590625 0.51855191875 0.399677828125 0.519509590625 0.399677828125 0.521380953125 0.3888276296875 0.52279398125 0.3787482640625 0.5225337296875 0.3773467265625 0.5238505296875 0.3717705859375 0.5224563484375 0.3715572921875 0.5211005296875 0.377831596875 0.520332671875 0.3838814484375 0.5191068125 0.390988590625
3 0.488273809375 0.40431820468749996 0.48757738125000005 0.406216765625 0.48739054218750005 0.40742931562500007 0.486255621875 0.413971478125 0.48536210312500006 0.4203365578125 0.4849312171875 0.4224030265625 0.48455456406249997 0.42862723281250004 0.48519411406249996 0.42831597187500003 0.48529265937500005 0.42640699375 0.485512565625 0.423356646875 0.486097884375 0.42295957343749996 0.4869272484375 0.41663541718749997 0.487519840625 0.41270560468750006 0.4883082015625 0.4079213796875 0.4891335984375 0.4027604171875 0.4896765875 0.3969662703125 0.489137896875 0.39696279687499997 0.48860515937500004 0.3993521828125 0.4884365078125 0.4008353171875 0.488273809375 0.40431820468749996
3 0.5166990734375 0.44324131875 0.51648875625 0.4460334828125 0.5157030421875 0.4501247515625 0.5147943125000001 0.4558561515625 0.5138412703124999 0.46301116093749994 0.5130112437500001 0.47252108125000003 0.51384920625 0.472780009375 0.514354828125 0.46957713281249996 0.515520171875 0.46178447343749995 0.5172662031249999 0.45027480156250005 0.5190327375 0.43610342187500006 0.5178250656250001 0.43602256875 0.51781944375 0.4392651296875 0.517103175 0.4394950390625 0.5166990734375 0.44324131875