2 0.23710317500000003 0.4164186515625 0.24173280468749997 0.41617063437499996 0.2423941796875 0.4136904765625 0.241402115625 0.4109623015625 0.23082010625 0.40625 0.2242063484375 0.4045138890625 0.2199074078125 0.4052579359375 0.21858465625 0.4079861109375 0.221891534375 0.4112103171875 0.23048941875 0.41493055625 0.23710317500000003 0.4164186515625
2 0.28020403437499997 0.3974330359375 0.28472982812500003 0.398358134375 0.280615409375 0.393809771875 0.2761243390625 0.390873015625 0.27017195781250003 0.388144840625 0.26521164062499997 0.3864087296875 0.258597884375 0.3866567453125 0.258597884375 0.390625 0.2619047625 0.393105159375 0.2757936515625 0.396329365625 0.28020403437499997 0.3974330359375
2 0.23247354531250003 0.39409722187499996 0.22949735468750002 0.39012896874999997 0.22387566093750003 0.387648809375 0.2166005296875 0.38740079375 0.215608465625 0.3888888890625 0.21593915312499998 0.39112103125000003 0.2235449734375 0.3948412703125 0.22916666718749998 0.3955853171875 0.23247354531250003 0.39409722187499996
2 0.2242063484375 0.37822420625 0.22718253906250002 0.37847222187499996 0.23082010625 0.3772321421875 0.22850529062499997 0.3735119046875 0.2202380953125 0.36805555624999997 0.2166005296875 0.3668154765625 0.21296296250000002 0.3685515875 0.21164021093750002 0.3695436515625 0.21164021093750002 0.3732638890625 0.2139550265625 0.374751984375 0.2242063484375 0.37822420625
2 0.358796296875 0.42137896875 0.359457671875 0.41840277812500004 0.3581349203125 0.41741071406249997 0.3521825390625 0.415674603125 0.347552909375 0.41617063437499996 0.346560846875 0.41840277812500004 0.3485449734375 0.41989087343750003 0.35548941875 0.422123015625 0.358796296875 0.42137896875
2 0.4328703703125 0.44990079375 0.4378306875 0.4481646828125 0.4388227515625 0.4466765875 0.4378306875 0.440476190625 0.4322089953125 0.4362599203125 0.427910053125 0.4357638890625 0.42526454999999996 0.43675595312500004 0.422288359375 0.44072420625 0.421957671875 0.4429563484375 0.4236111109375 0.4456845234375 0.428571428125 0.44915674531249994 0.4328703703125 0.44990079375
2 0.5611772484374999 0.5119047625 0.5694444437499999 0.5084325390625 0.5701058203125 0.5047123015625 0.56812169375 0.5017361109375 0.559193121875 0.49627976250000005 0.55026455 0.493303571875 0.54332010625 0.4935515875 0.5423280421875 0.49627976250000005 0.5419973546875 0.4985119046875 0.54365079375 0.5017361109375 0.5545634921875 0.509920634375 0.5611772484374999 0.5119047625
2 0.5820105812499999 0.49404761875 0.583664021875 0.4908234125 0.58068783125 0.48809523749999995 0.5674603171875 0.48387896875 0.5667989421875 0.48834325468750006 0.5697751328125 0.4918154765625 0.577380953125 0.4947916671875 0.5820105812499999 0.49404761875
2 0.1673280421875 0.343501984375 0.1673280421875 0.341269840625 0.16071428593749998 0.3382936515625 0.15376984062500001 0.33779761875 0.15178571406250002 0.3390376984375 0.1511243390625 0.3420138890625 0.1577380953125 0.34424603125000003 0.16501322812500002 0.3449900796875 0.1673280421875 0.343501984375
2 0.1994047625 0.3452380953125 0.19874338593750002 0.3420138890625 0.18915343906249998 0.338045634375 0.1855158734375 0.338045634375 0.1851851859375 0.3420138890625 0.18915343906249998 0.3452380953125 0.196097884375 0.346726190625 0.1994047625 0.3452380953125
2 0.1226851859375 0.3395337296875 0.122354496875 0.337549603125 0.11739417968750002 0.334325396875 0.11309523749999999 0.3328373015625 0.109788359375 0.33407738125 0.109457671875 0.33506944375000003 0.11276455 0.3385416671875 0.11937830625000001 0.34052579375 0.1226851859375 0.3395337296875
2 0.6749338625 0.559523809375 0.6772486765625 0.5577876984375 0.6749338625 0.5538194437499999 0.6706349203124999 0.550347221875 0.6617063484375 0.5481150796875001 0.65641534375 0.549355159375 0.6550925921874999 0.550347221875 0.65641534375 0.5535714281249999 0.6643518515625 0.5577876984375 0.6749338625 0.559523809375
2 0.6507936515625 0.527777778125 0.6514550265625 0.5260416671875 0.6471560843749999 0.52157738125 0.640542328125 0.5198412703125 0.6332671953125 0.5210813484375 0.6332671953125 0.5240575390625 0.636744709375 0.5259404765625 0.6438025796875 0.5285421625 0.6507936515625 0.527777778125
2 0.740079365625 0.5505952375 0.7357804234375 0.546626984375 0.73181216875 0.5448908734375 0.7238756609375 0.543402778125 0.7228835984375 0.5451388890625 0.7232142859375 0.547619046875 0.728835978125 0.5513392859375 0.737103175 0.5523313484375 0.740079365625 0.5505952375
2 0.8045634921874999 0.5885416671875 0.802910053125 0.5855654765625 0.799603175 0.5835813484375 0.79365079375 0.581101190625 0.7893518515625 0.58134920625 0.7896825390625 0.5848214281249999 0.796296296875 0.5890376984375 0.8009259265625 0.5897817453124999 0.8045634921874999 0.5885416671875
2 0.73181216875 0.5949900796875001 0.7324735453125 0.5917658734375 0.7258597890625 0.588045634375 0.7175925921874999 0.5850694437499999 0.7146164015625 0.5868055562500001 0.7142857140625 0.5885416671875 0.7202380953125 0.59375 0.7268518515625 0.5954861109375 0.73181216875 0.5949900796875001
2 0.7645502640624999 0.6230158734375 0.7638888890625 0.6195436515625 0.7579365078125 0.6163194437499999 0.7519841265625 0.6145833328125 0.7476851859375 0.615079365625 0.747023809375 0.6163194437499999 0.7513227515625001 0.6207837296875 0.7612433859375 0.6237599203124999 0.7645502640624999 0.6230158734375
2 0.8875661375 0.672619046875 0.890211640625 0.671875 0.884259259375 0.6579861109375 0.8796296296874999 0.6542658734375 0.8730158734375 0.6510416671875 0.8664021156249999 0.6493055562500001 0.859788359375 0.6490575390625 0.8574735453125 0.6512896828125 0.8554894187500001 0.6579861109375 0.8634259265625 0.6649305562500001 0.8826058203124999 0.672123015625 0.8875661375 0.672619046875
2 0.9996693125 0.65575396875 0.9910714281249999 0.6550099203124999 0.9874338625 0.656994046875 0.9874338625 0.6584821421875 0.9910714281249999 0.6617063484375 0.9996693125 0.6651785718750001 0.9996693125 0.65575396875
2 0.9325396828124999 0.6297123015625 0.9285714281249999 0.627976190625 0.921296296875 0.6267361109375 0.921296296875 0.6304563484375 0.9285714281249999 0.6339285718750001 0.9335317453125 0.6334325390625 0.9325396828124999 0.6297123015625
2 0.7037291671875 0.5468623515625 0.7065707671875 0.5481403765625 0.7087020500000001 0.5487438 0.7106438484375001 0.5486728671875001 0.7121593921875 0.5477497515625 0.7115436515625 0.5460458828125 0.7081812171874999 0.5446614578125 0.7055287703124999 0.5440935015624999 0.7028766531249999 0.54427108125 0.7024031078124999 0.5450166171874999 0.702450396875 0.5461525296875 0.7037291671875 0.5468623515625
2 0.7575747359375 0.5543921125 0.759296296875 0.5555032234375 0.7618306875 0.5567217265625 0.7639345234375 0.5559689984375 0.7645562171875 0.5552881937499999 0.7641736109374999 0.5538187 0.76211739375 0.55295858125 0.759152778125 0.551980159375 0.7576226859374999 0.5524568453125001 0.7568574734375 0.553101934375 0.7575747359375 0.5543921125
2 0.680310515625 0.586265625 0.6819599875 0.5867661203125001 0.6832166 0.5874724703124999 0.6843554890625 0.5869719734375 0.6843161375 0.5859419640625 0.6830985453125 0.5850882937499999 0.68074239375 0.5841463296875 0.6783468921875 0.5838814484375 0.677954365625 0.584587796875 0.6784255953125 0.5853236609375 0.680310515625 0.586265625
2 0.688204034375 0.5827041171875 0.690167328125 0.583587053125 0.692759259375 0.58408755 0.6939375 0.582851190625 0.6931127640625 0.5819092265625 0.6907172625 0.5806140875 0.6883217593750001 0.5794662703125 0.6850327375 0.57946255 0.6845909390625 0.580849703125 0.6859656078125 0.5818799609374999 0.688204034375 0.5827041171875
2 0.7345575390625 0.575941715625 0.73590443125 0.5765401781249999 0.7378501984375 0.576427828125 0.7392969578125 0.5754556046875 0.7388978171875 0.5744459328125 0.73650330625 0.5734365078125 0.7341957671875 0.5732470234375 0.7338591265625001 0.57392261875 0.7338591265625001 0.574782490625 0.7345575390625 0.575941715625
2 0.5197179234375 0.5329317953125 0.5235882937499999 0.5344791671875 0.5265555562500001 0.5354942953124999 0.5294583328125 0.5345756453125 0.5282972890625001 0.5317232140625 0.526362103125 0.5286770828125 0.52300760625 0.527081596875 0.5196534390624999 0.5266463296875 0.516685846875 0.5278551593749999 0.51378306875 0.528725446875 0.51378306875 0.5306594734375001 0.5160410046874999 0.5316748515625 0.5197179234375 0.5329317953125
2 0.5606474875 0.547328125 0.562453703125 0.5488752484375 0.56548545 0.549262153125 0.5674854500000001 0.5478115078125 0.5658726859375001 0.5460709328125 0.5643888890625 0.5441852671875 0.5614216265625 0.5432182546875 0.5585188484375 0.542783234375 0.556906084375 0.5440885421874999 0.5587767859375 0.5454908234375 0.5606474875 0.547328125
2 0.6302509921875 0.5131626984375 0.6324275796875 0.5141247515625 0.6361666671874999 0.5152123015625001 0.63912466875 0.5150032234374999 0.640240740625 0.5136646828125 0.6379527109375001 0.5122842265625 0.634994709375 0.510945684375 0.6316461640625 0.510025296875 0.6287443781250001 0.51028521875 0.6284093921875 0.5109037703125 0.628465278125 0.5119077375 0.6302509921875 0.5131626984375
2 0.49748545 0.46884523749999996 0.5011183859375 0.4699848703125 0.503483796875 0.470396578125 0.5061025124999999 0.46963665624999995 0.5056378968749999 0.46830704375 0.5022585984375 0.46697718281249995 0.49803472187500003 0.46555257968749997 0.49592261875 0.4657740578125 0.49495105781250004 0.466533978125 0.49507804218749996 0.46757886875 0.49748545 0.46884523749999996
2 0.3569067453125 0.4549012890625 0.36140542343750004 0.45651562500000004 0.3658561515625 0.45816567499999994 0.36604761875 0.4582373515625 0.367818453125 0.4582373515625 0.36877579374999997 0.45676661718749995 0.367770503125 0.45465029687499997 0.364803571875 0.4533229171875 0.36174040937499996 0.45224677656249995 0.35843816093749997 0.45134995 0.35561441875 0.45030977187500004 0.35236011875 0.4502021328125 0.3492493390625 0.45056919687499997 0.3492493390625 0.4516369046875 0.3515466265625 0.45267733125 0.3569067453125 0.4549012890625
2 0.38980952343749997 0.4511252484375 0.392917659375 0.4528638390625 0.3951904765625 0.4531768359375 0.397788359375 0.4526552578125 0.39843783125 0.45133407812500004 0.39607209062500004 0.44990848281250007 0.392314484375 0.448378471875 0.38994874375 0.44772495 0.3886035046875 0.44827430625 0.3882324734375 0.4498040671875 0.38980952343749997 0.4511252484375
2 0.405674271875 0.44799603125000004 0.40734424531249996 0.448865328125 0.409478175 0.45001264843750005 0.4116584 0.4504995046875 0.4131428578125 0.4497346234375 0.4131428578125 0.4484828875 0.4108234125 0.447126984375 0.40780820156250003 0.44587524843750004 0.40543088593750004 0.4459853671875 0.40451455000000003 0.4461185515625 0.40456084687500005 0.4470920140625 0.405674271875 0.44799603125000004
2 0.3836514546875 0.4409052578125 0.3860638234375 0.4412182546875 0.3865740734375 0.4399665171875 0.3851825390625 0.4387495046875 0.3830949078125 0.43805431562499997 0.3809031078125 0.438027034375 0.3803118390625 0.43885391875 0.38188888906249996 0.4398970734375 0.3836514546875 0.4409052578125
2 0.36783333281249997 0.4335654765625 0.370894840625 0.43474752031249997 0.3732142859375 0.43558209375 0.3755337296875 0.43606870000000003 0.3770181875 0.43478224218749995 0.3764150125 0.4332524796875 0.3744203046875 0.43213988125 0.3717764546875 0.4311314484375 0.36838988125 0.4299494046875 0.3655601859375 0.4300188484375 0.3645396828125 0.4310967265625 0.365049934375 0.432209325 0.36783333281249997 0.4335654765625
2 0.045970899999999995 0.3088563984375 0.0505376984375 0.31037747968749996 0.055713293750000004 0.3110622515625 0.059772487500000006 0.3110622515625 0.0607873671875 0.3088563984375 0.0545968921875 0.305966021875 0.050436176562500004 0.3043685515625 0.0446517859375 0.303796875 0.040491071875 0.3046728671875 0.04140443125 0.306194196875 0.045970899999999995 0.3088563984375
2 0.0742843921875 0.3064223703125 0.0797642203125 0.30657440468749997 0.079358465625 0.30452083281250003 0.0737767859375 0.3026951890625 0.069007275 0.3019893359375 0.0657599203125 0.3027713296875 0.0682969578125 0.30490104218749997 0.0742843921875 0.3064223703125
2 0.271450396875 0.38282118125000003 0.273196759375 0.38338194375 0.27489318749999997 0.3830828375 0.2750429890625 0.38196106093750004 0.2725982140625 0.380652034375 0.27080191875000004 0.3805771328125 0.269953703125 0.3812130453125 0.269953703125 0.38199826406250004 0.271450396875 0.38282118125000003
2 0.6367142859375 0.577744046875 0.6380654765625 0.5758025796874999 0.6366015218750001 0.574030009375 0.6334484125000001 0.5720887890624999 0.62908465625 0.5732919140625 0.6301825390625 0.5754650296875 0.6332232140625 0.5771530265625 0.6367142859375 0.577744046875
2 0.547001984375 0.49093377968749996 0.5497212296875 0.4918802078125 0.55180919375 0.49217113125 0.5543339953124999 0.4916252484375 0.5553538359375 0.49082465312499995 0.55554795 0.48955084375 0.5547711640624999 0.488240575 0.5534599874999999 0.4870396828125 0.5510324078125 0.4862388390625 0.5489444437500001 0.48605704375 0.5466620375 0.48612971250000003 0.5443799609375 0.48598412656249995 0.54287466875 0.48609325468750003 0.5427291671875001 0.48842261875000004 0.544671296875 0.4896599703125 0.547001984375 0.49093377968749996
2 0.8954831343749999 0.6497410718750001 0.8984553578125001 0.6513670640625 0.90271329375 0.6522700890625 0.9056858468750001 0.6516679062499999 0.905766203125 0.649560515625 0.9015886249999999 0.647453125 0.8969292328125 0.6461282234375 0.8958045640625001 0.64661011875 0.8946795640625 0.6478745046875 0.8954831343749999 0.6497410718750001