2 0.47619675937499995 0.4015803578125 0.481534721875 0.40325520781249996 0.48873478906249995 0.404930059375 0.49258300312500003 0.405023065625 0.49183829375 0.40130109062499997 0.4868726859375 0.396928075 0.47458300312499996 0.389856646875 0.4662655421875 0.3859486609375 0.456334325 0.3806450890625 0.45149305625 0.3780396828125 0.44888624374999997 0.37980753906250003 0.44727215625000005 0.38176165625 0.4527344578125 0.38650694375 0.46043088593750003 0.3925548109375 0.468251653125 0.3973000984375 0.47619675937499995 0.4015803578125
2 0.5285433203125 0.3886063984375 0.5280595234375001 0.3871560015625 0.5257208999999999 0.386188740625 0.5244510578125 0.38692733125 0.525398478125 0.3883645828125 0.52701124375 0.3889087296875 0.5285433203125 0.3886063984375
2 0.4762013890625 0.3070119046875 0.47871130937500006 0.3070119046875 0.47895436562500004 0.3059193953125 0.4774160046875 0.3044630453125 0.4757966265625 0.303188740625 0.4735297625 0.3025818453125 0.4719914015625 0.302824653125 0.47089847812499996 0.3037006453125 0.4726392203125 0.3053127484375 0.47433928593749997 0.3061014390625 0.4762013890625 0.3070119046875
2 0.5883888890625 0.443951884375 0.5894771828125001 0.4424739578125 0.5892050265625 0.4418623515625 0.5879811515625 0.44125074375000006 0.5862129625 0.44125074375000006 0.5851421953125 0.44192931562500004 0.585601190625 0.443085565625 0.5870968921874999 0.4440029765625 0.5883888890625 0.443951884375
2 0.6096732796875 0.43538938437499997 0.610557209375 0.4342681046875 0.611509259375 0.43329960312500004 0.6107612437500001 0.43263715312500006 0.6086531078124999 0.432891865625 0.6074970234375 0.4334015375 0.606987103125 0.43453422656249996 0.6072929890625 0.435032490625 0.6083131609375 0.43549131875 0.6096732796875 0.43538938437499997
2 0.5936590609375 0.4551860125 0.5946792328125 0.4551860125 0.5954950390625 0.45442137968749996 0.5956309531249999 0.4530453875 0.5945429890625 0.45279042656249996 0.5925029765625001 0.4526374015625 0.59073511875 0.4531981640625 0.591347221875 0.4542686015625 0.5922311515625001 0.4547271828125 0.5936590609375 0.4551860125
2 0.59801124375 0.45747941406250003 0.599847221875 0.4572755453125 0.6008670640625 0.45661309531249994 0.600119046875 0.455491815625 0.598079034375 0.45467633906250005 0.596447090625 0.4550329859375 0.5950869703125 0.455695684375 0.5958349875 0.45630729218750005 0.596855159375 0.4570208328125 0.59801124375 0.45747941406250003
2 0.5904629625 0.46247445468750004 0.5915509265625001 0.46272916718749996 0.5925710984375 0.4625763890625 0.5931832015625 0.462015625 0.5933191140625 0.4613020828125 0.5926392203125 0.4607415671875 0.5911431875 0.46043551562499996 0.589851190625 0.46089434531249995 0.589714946875 0.461658978125 0.59005489375 0.4621686515625 0.5904629625 0.46247445468750004
2 0.6015469578125 0.4530453875 0.6024312171874999 0.4523826890625 0.6025671296875 0.45115947343749996 0.6017509921875 0.4504967765625 0.600119046875 0.45029290624999996 0.5986911375 0.4505987109375 0.5980621687500001 0.45161929531249995 0.5988270499999999 0.4526374015625 0.59950694375 0.4529432046875 0.6015469578125 0.4530453875
2 0.6181732796875 0.4458063 0.6197371031250001 0.44626488125 0.620281084375 0.44575520781250005 0.620281084375 0.444990575 0.6196693125 0.4441750984375 0.618921296875 0.4437165171875 0.6174252640625 0.44356349218749996 0.6162519843750001 0.4440967265625 0.6165410046875001 0.44478670625000005 0.617289021875 0.4452963796875 0.6181732796875 0.4458063
2 0.6520945765625 0.47041393906250006 0.6530816796875001 0.4697234625 0.6536739421875 0.4686875 0.652950065625 0.46789831406250004 0.6512390875 0.46760243125 0.6500545640625 0.46784920625000004 0.6491990734375 0.4687368546875 0.6497255296875 0.46982192500000003 0.6508442453125001 0.47041393906250006 0.6520945765625 0.47041393906250006
2 0.7072876984375001 0.5112189984375 0.7074477515625001 0.5100198406249999 0.7069675921874999 0.5087006453125 0.7054477515625 0.5080411703125 0.703367725 0.50840079375 0.702887896875 0.5097810015625 0.70368783125 0.510919146875 0.7049675921875 0.5114588296875 0.7072876984375001 0.5112189984375
2 0.6692083328125 0.5119384921875 0.6704084 0.5114588296875 0.671288359375 0.5103196921875 0.670568453125 0.509780009375 0.6684884265625 0.5100198406249999 0.667288359375 0.5104561015625 0.6675284390625 0.5110989578125 0.6681683203125 0.5116986609375 0.6692083328125 0.5119384921875
2 0.6273313484374999 0.4898147328125 0.6277129625 0.4891946921875 0.6268224203125 0.48866989062500005 0.625549603125 0.4883360609375 0.62445205 0.4891103671875 0.625358796875 0.4898623515625 0.6259950390625 0.49000545625 0.6273313484374999 0.4898147328125
2 0.686873346875 0.49995684531249995 0.6878277109375001 0.49933680625 0.6878915343750001 0.49828769843750004 0.6861097890625001 0.49776314531250004 0.68490079375 0.49795386875 0.6838667328125 0.49889360156249996 0.6840099203125 0.4997661203125 0.6854735453125 0.50014756875 0.686873346875 0.49995684531249995
2 0.731167659375 0.5237403281249999 0.7322453703125 0.5234880953125 0.7325820109375 0.522427828125 0.7319084 0.521923115625 0.7308981484375 0.5220240578124999 0.7295849875 0.5225758921875 0.729685846875 0.5231850203125 0.7303594578125 0.5234880953125 0.731167659375 0.5237403281249999
2 0.7241200390625 0.43960243125 0.7251154093750001 0.43866989062500006 0.724534721875 0.4374888390625 0.7228759921875 0.43668080312499996 0.7214662703125 0.43705381875000004 0.720968584375 0.43798611093749995 0.7213832671875 0.43941592187499995 0.7222126328125 0.4398509421875 0.7241200390625 0.43960243125
2 0.769858465625 0.4509040171875 0.7708535046875 0.449722965625 0.769858465625 0.4485419140625 0.7680337296874999 0.4481068953125 0.767038690625 0.4481688984375 0.7665410046875001 0.448728421875 0.7662093249999999 0.44980456406249997 0.7668726859375 0.4507797625 0.767785053125 0.451277034375 0.769858465625 0.4509040171875
2 0.6635906078125 0.399387153125 0.6651445109375 0.39892113125 0.6651445109375 0.397950396875 0.6645747359375 0.396940971875 0.663538690625 0.3967467765625 0.662399140625 0.3970575390625 0.6614666 0.397717509375 0.6614666 0.398726934375 0.662295634375 0.39896006875 0.6635906078125 0.399387153125
2 0.9165724203125001 0.5317279265625 0.9182562828125 0.530946428125 0.919459325 0.529924603125 0.9178554890624999 0.5285421625 0.9160909390624999 0.528181546875 0.9139259265625 0.5284821421875 0.9122017203125001 0.52944295625 0.9128832671874999 0.530826140625 0.9141663359375001 0.5317279265625 0.9165724203125001 0.5317279265625