2 0.44347619062500004 0.40003819375000005 0.449853175 0.40364136874999995 0.4586828703125 0.407465278125 0.462214946875 0.40761235156250003 0.46496197031250003 0.406509425 0.46574669375 0.404523809375 0.4605469578125 0.400920634375 0.455347221875 0.39746453437499996 0.44828340000000005 0.393273065625 0.44298545 0.3899640375 0.435038690625 0.38599305625 0.4307218921875 0.38511061562500004 0.42895601875 0.386287203125 0.43082010625 0.38878745000000003 0.432880290625 0.392684771875 0.438178240625 0.3968025796875 0.44347619062500004 0.40003819375000005
2 0.4973664015625 0.39317733125 0.49693750000000003 0.39225868125 0.4958958328125 0.391615575 0.494608796875 0.3914779265625 0.49375099218749996 0.39204017812499997 0.4948538359375 0.39317733125 0.49620205000000006 0.3938201890625 0.4973664015625 0.39317733125
2 0.6157318125 0.4039950390625 0.6157876984375 0.403367559375 0.6155085984374999 0.402321925 0.614001984375 0.40202926562499997 0.613053571875 0.40269841250000005 0.6135555562499999 0.40366046562499996 0.6145601859375 0.40412053593749997 0.6157318125 0.4039950390625
2 0.6648852515625 0.44026760937500004 0.666233465625 0.439900296875 0.6664785046875 0.43875198437499996 0.6650691140625 0.43787921562500004 0.664578703125 0.43728199375 0.663108134375 0.43774131875 0.6632764546875001 0.43881274843750007 0.6634143515625001 0.43944097187500003 0.663659721875 0.439900296875 0.6648852515625 0.44026760937500004
2 0.7041041671875 0.44951959375 0.70398148125 0.4486009421875 0.7024497359375 0.44804960312500003 0.7015916 0.4484171625 0.70085648125 0.4491979171875 0.7015304234374999 0.4503462296875 0.7030624999999999 0.45043799531250006 0.7041041671875 0.44951959375
2 0.5477212296875 0.4425161203125 0.548479496875 0.44219642812500004 0.5485267859375 0.440917659375 0.54776851875 0.44034920624999996 0.546536375 0.4406688984375 0.5455410046875 0.44137946406250006 0.5457781078124999 0.441805803125 0.5463941796875 0.442303075 0.5477212296875 0.4425161203125
2 0.5673429234375 0.43498511874999995 0.56705853125 0.4337063484375 0.5655416671875 0.43359970312499996 0.5648902109375 0.4345625 0.5656838625 0.43551785781249996 0.566774140625 0.435695684375 0.5673429234375 0.43498511874999995
2 0.5748786375 0.4447896828125 0.575589615625 0.44446999062500003 0.575541996875 0.443759425 0.5748786375 0.44290699375000003 0.573835978125 0.44272941406250005 0.5727933203125 0.44280034687500003 0.5726511249999999 0.443582340625 0.573125 0.4442212296875 0.57393055625 0.4446830359375 0.5748786375 0.4447896828125
2 0.5536931218750001 0.45196552656250005 0.5542142859375 0.45118402812499997 0.5531716265625 0.45043799531250006 0.551891865625 0.45068675625 0.551086309375 0.45161036718750003 0.55132308125 0.45232068437499995 0.552413359375 0.45249851249999995 0.5536931218750001 0.45196552656250005
2 0.5568683859375 0.45466542656250003 0.5572949734375 0.45388392812499995 0.5570582015625 0.45331547656250004 0.5563472218750001 0.45271155781249994 0.55525694375 0.45271155781249994 0.554545965625 0.453066715625 0.5549252640625 0.45391939531250003 0.5555413359375 0.45441666718749996 0.5568683859375 0.45466542656250003
2 0.559626653125 0.450267609375 0.5597764546875 0.4496220234375 0.559439153125 0.44903249062499995 0.5586901453124999 0.44892013906250006 0.5577913359375 0.4491165671875 0.5575476187499999 0.44977207343750003 0.5579785046875 0.4502115578125 0.559027115625 0.4504642859375 0.559626653125 0.450267609375
2 0.55087103125 0.45942286718750003 0.551769840625 0.4590297625 0.5521818781250001 0.458440228125 0.5521445109374999 0.45776636875000004 0.551170634375 0.4574295640625 0.5499718921875 0.4577943953125 0.5494477515625 0.4584682546875 0.5494477515625 0.4591140875 0.550009590625 0.459366815625 0.55087103125 0.45942286718750003
2 0.6033614421875 0.46572197343750005 0.603667328125 0.4649766859375 0.6031703046875 0.4645466265625 0.6020228171875 0.4645466265625 0.6012579359375 0.46468997968750003 0.6010284390625 0.46520585312499996 0.6007797625 0.465902034375 0.6020228171875 0.46635243125 0.6027493390625 0.466209325 0.6033614421875 0.46572197343750005
2 0.5812123015624999 0.48361507968749995 0.5812123015624999 0.48324131875000004 0.581069775 0.4827341265625 0.5806421953124999 0.48249380000000003 0.57982308125 0.482226934375 0.5791464953125 0.48214682499999995 0.57900396875 0.482573909375 0.5789328703125001 0.4827549609375 0.579182209375 0.4831879953125 0.58014351875 0.48348164687499995 0.5807490078125 0.48385540625 0.5812123015624999 0.48361507968749995
2 0.6165558859375 0.5028373015625001 0.6172390875 0.5027760421874999 0.617430225 0.5019771828125 0.6173756609375001 0.5013013390625 0.616829034375 0.5009734625 0.6164123671875 0.5009561015624999 0.6155023140625 0.501194940625 0.6147628968750001 0.5016299609375 0.6155479500000001 0.5022522328125001 0.6162757937500001 0.5025932546874999 0.6165558859375 0.5028373015625001
2 0.6354275796875 0.4925131453125 0.6352966265625 0.4921532734375 0.634641865625 0.4919243546875 0.6338125 0.49208779687500004 0.6338452375 0.49298685468750003 0.6347728171875 0.493101934375 0.635209325 0.4929057546875 0.6354275796875 0.4925131453125
2 0.631979496875 0.492873015625 0.632677909375 0.49248040625 0.6328088625 0.49159722187500005 0.6325906078125 0.49091021875 0.6314120375 0.49038665625 0.629928240625 0.4900922625 0.6295790343750001 0.49107366093750004 0.6297536375 0.49198983125 0.6304953703125 0.4925131453125 0.630931878125 0.4927420640625 0.631979496875 0.492873015625
2 0.6468627640625 0.5020654765625 0.647953703125 0.5024580859375 0.6488267203125 0.5020327375 0.6489576718750001 0.5012477671875 0.648652115625 0.50069146875 0.6480410046875 0.5002008921875001 0.647560846875 0.4999392359375 0.6468191140624999 0.49971006874999996 0.645902446875 0.4999064984375 0.6451167328125 0.5002991078125001 0.645160384375 0.50128050625 0.6460770499999999 0.5016076390624999 0.6468627640625 0.5020654765625
2 0.660068453125 0.4864084828125 0.660450396875 0.4860647328125 0.660450396875 0.48569221249999994 0.65991534375 0.4851768359375 0.6593039015625 0.4851768359375 0.658807209375 0.4851768359375 0.6585013234375 0.48564310468749994 0.6587688484374999 0.4861505453125 0.6590747359375 0.48626512968749996 0.660068453125 0.4864084828125
2 0.6698072093749999 0.5131552578125 0.6700515874999999 0.5125756453125 0.6696851859375 0.5120567953124999 0.6689117062500001 0.511873759375 0.6683009265625001 0.5122398312499999 0.667700396875 0.5126143359374999 0.6680158734375 0.5130942453125 0.668708003125 0.5132162703125001 0.6698072093749999 0.5131552578125
2 0.6245413359375 0.46470783750000005 0.625446759375 0.465029265625 0.6264001328125001 0.46488640937500003 0.6265909390625 0.464100446875 0.6260188484375 0.463564484375 0.6251610453125 0.463314484375 0.6236832015625 0.46339236093749997 0.6235879625 0.463993303125 0.6238740078125 0.4643147328125 0.6245413359375 0.46470783750000005
2 0.6986127640625 0.5495342265625001 0.69942625625 0.54861954375 0.6987754625 0.5477658734374999 0.697310846875 0.5473390375 0.69568353125 0.5479486609374999 0.69480919375 0.548809771875 0.69633465625 0.54965625 0.6970667984375 0.54990005 0.6986127640625 0.5495342265625001
2 0.825736771875 0.5212579359375 0.8267943125 0.5208921125 0.8276891531249999 0.5199771828124999 0.8270383593749999 0.5190014875 0.82492295 0.5185746531250001 0.823295965625 0.5188797125 0.8224414687499999 0.520054315625 0.8233773140625 0.520709078125 0.8244348546875001 0.521196925 0.825736771875 0.5212579359375
2 0.9079368390625 0.56564756875 0.9099712296875 0.5662021328125 0.9120056218749999 0.5655089281250001 0.9119130296875 0.5645384421874999 0.9102486765625001 0.563498759375 0.9071967593749999 0.5615580359375001 0.9049775125 0.5616272328125 0.9034054234375001 0.5626669140625 0.9046074734375 0.563706596875 0.9055324078125 0.5645384421874999 0.9079368390625 0.56564756875
2 0.908884590625 0.6258283734375001 0.9099999999999999 0.626444940625 0.9115079359375 0.6264647812499999 0.9119312171875 0.6252155265625 0.9120287703125 0.6240954859375 0.9114814812500001 0.6232326390625 0.909947090625 0.6226378968749999 0.90891534375 0.6225783734375 0.9078306875000001 0.6226577375 0.9064550265625 0.622955109375 0.9053703703125 0.623818453125 0.9062027109375 0.6243727671875 0.9074973546875 0.62492733125 0.908884590625 0.6258283734375001
2 0.8791071421875 0.607902034375 0.8774424609375 0.6070701890625 0.8764252640624999 0.6068623515625 0.8749457671875 0.6069826390624999 0.8768875656249999 0.608664434375 0.878644840625 0.6094962796875001 0.8800317453125001 0.608941715625 0.8791071421875 0.607902034375