2 0.398303571875 0.5035396828125001 0.3994031078125 0.5108390375 0.40034556875 0.5160193453125 0.404586640625 0.5183740078125 0.40678571406249997 0.5155483624999999 0.4070998671875 0.511898809375 0.40678571406249997 0.5074248515625001 0.40600033125 0.49953670624999996 0.40600033125 0.4942388390625 0.4044295640625 0.48811681562500003 0.4022304890625 0.4841138390625 0.40050264531249996 0.4837606640625 0.39893187812500003 0.487763640625 0.397832340625 0.49247296562500004 0.3981464953125 0.49718204374999997 0.398303571875 0.5035396828125001
2 0.4768260578125 0.4560171125 0.4780853171875 0.45661309531249994 0.47888062187499997 0.45561954374999997 0.478748015625 0.454030009375 0.4784166671875 0.4525396828125 0.47782010625 0.4518439984375 0.476626984375 0.4522911703125 0.47675959062500006 0.453334325 0.47675959062500006 0.45472544687500005 0.4768260578125 0.4560171125
2 0.41643187812500004 0.5887137890624999 0.4178167984375 0.5885880453125 0.41798445781250004 0.5878645828125 0.41790079375 0.5869838796875 0.4165578703125 0.5869578375 0.4159702375 0.5877700890625001 0.415928240625 0.5882735609374999 0.41643187812500004 0.5887137890624999
2 0.40803869062500003 0.5921108625 0.4086683203125 0.5923938484375 0.40950760624999993 0.592519840625 0.41013690468749997 0.5922366078125 0.41001124375 0.5911986609375 0.409759259375 0.5906009421875 0.40883597812500005 0.5906954359375 0.40808068750000004 0.5906954359375 0.40791302968750004 0.591355903125 0.407829034375 0.5915446421875 0.40803869062500003 0.5921108625
2 0.41718716875000006 0.593023065625 0.41823644218749995 0.5928658234374999 0.4184880953125 0.592205109375 0.41836210312500005 0.5911986609375 0.4178167984375 0.59031795625 0.41680952343750005 0.5906639390625 0.41603306875 0.5912460312500001 0.4159702375 0.5919536203125 0.4162638890625 0.59248834375 0.41718716875000006 0.593023065625
2 0.4207542984375 0.5906324406250001 0.42226488125 0.591230159375 0.4229785046875 0.5906009421875 0.422810515625 0.5892170140624999 0.42127877031249994 0.5889642859374999 0.4209639546875 0.5892485125 0.4207542984375 0.5898147328125 0.4207542984375 0.5906324406250001
2 0.4344348546875 0.594469990625 0.434854496875 0.5948474703125 0.4359037703125 0.5950047125 0.43695271093750004 0.594595734375 0.43691104531249997 0.5934005453125 0.43653306875000003 0.5925825890625 0.43548412656249996 0.5923311015625 0.4340783734375 0.5927016375 0.4342671953125 0.59333755 0.434351190625 0.5937780265625 0.4344348546875 0.594469990625
2 0.43699470937499996 0.5841845234374999 0.43703670624999996 0.5848134921875 0.4377083328125 0.5850337296875 0.438505621875 0.5848134921875 0.439302909375 0.583995784375 0.43976455000000003 0.583209325 0.43917691875 0.5828633437499999 0.43754034375 0.58278745 0.4373726859375 0.5830520828125 0.43724669374999997 0.5833665671875 0.43699470937499996 0.5841845234374999
2 0.42171957656250003 0.57911483125 0.422055225 0.579555059375 0.4231881609375 0.5793978171874999 0.42406944375 0.5787688484375 0.424027446875 0.57817113125 0.42302050312499995 0.5776679062500001 0.42171957656250003 0.57744766875 0.42163558125 0.5782653765625 0.42171957656250003 0.57911483125
2 0.4950152109375 0.5903923609375 0.4951504625 0.59100074375 0.49582705000000005 0.5913387890624999 0.497450396875 0.5910347218750001 0.4982172625 0.5900205859375001 0.49758597812499994 0.5892430562500001 0.49699966875 0.5889724703125 0.49565773750000003 0.5891235125 0.495601521875 0.5894796625 0.49528571406250005 0.5897837296875 0.4950152109375 0.5903923609375
2 0.49148974843750004 0.640617559375 0.4916736109375 0.641215278125 0.492777446875 0.6415369546874999 0.49400429843750004 0.6412611609375001 0.49431084687500004 0.6404796625 0.49412665312500004 0.6393764875 0.49345205 0.6387328875 0.49179629687500004 0.6390974703125 0.49179629687500004 0.6394682546875 0.4917347890625 0.6396981640625 0.49148974843750004 0.640617559375
2 0.5049365078125 0.6695458828125 0.5059788359375 0.6695458828125 0.50738955 0.66945386875 0.5081256609375 0.668764384375 0.5078187828125 0.667293403125 0.506898809375 0.6668335812499999 0.5059788359375 0.6667876984375 0.5050588625 0.6672713296875 0.5046911374999999 0.6677529765625 0.504568453125 0.668488590625 0.5049365078125 0.6695458828125
2 0.513822090625 0.7874345234375 0.5148207671875 0.7878836812500001 0.51661805625 0.7880332343750001 0.5167179234375 0.7868358140625 0.516318453125 0.785039434375 0.5145211640625 0.7845153765624999 0.512898478125 0.7848132437500001 0.5127235453125001 0.785787946875 0.5129232796875 0.786162203125 0.513822090625 0.7874345234375
2 0.5209477515625001 0.8697708328125 0.5248316796875 0.8713881453125 0.526414021875 0.869662946875 0.527420965625 0.8668596234375 0.526414021875 0.8638407734375001 0.52454398125 0.8625468749999999 0.5231054890625 0.8625468749999999 0.5206600531250001 0.8652423109375 0.5209477515625001 0.8671830359375001 0.5209477515625001 0.8697708328125
2 0.4631167328125 0.9137415671875001 0.46505555625 0.91389459375 0.466177909375 0.9132061015625 0.466177909375 0.9116765875 0.46515773749999995 0.9102998515625 0.46250462968750006 0.910376240625 0.462402446875 0.9110647328124999 0.46230026406249997 0.91221180625 0.4631167328125 0.9137415671875001