3 0.1925542328125 0.7236733625 0.19995965625 0.719508184375 0.197843915625 0.71851636875 0.1909672625 0.7218881453125 0.1544682546875 0.741127728125 0.1517748015625 0.7435473703125 0.16504761875 0.7399375 0.176420634375 0.7325987109375001 0.1925542328125 0.7236733625
3 0.1840906078125 0.699475446875 0.1967860453125 0.6931284718749999 0.21265509218749998 0.6851946921875001 0.2253501984375 0.67864930625 0.2443931875 0.6697237109375 0.2536501328125 0.663178571875 0.26184920625 0.6588149796875 0.2605267859375 0.6578231640625 0.251269840625 0.661790178125 0.23592989375 0.6685337296875 0.217944775 0.67864930625 0.1991663359375 0.68896329375 0.17192427187499998 0.7022522328125 0.16797718281250001 0.7048596234375 0.1703373015625 0.7082026296875 0.17324669374999999 0.7068142359375 0.1840906078125 0.699475446875
3 0.273486771875 0.6855912703125 0.277189484375 0.6840044640625 0.281950396875 0.6810295140625 0.295174603125 0.6736907234375 0.3046960984375 0.6689305562500001 0.3062827375 0.666351934375 0.303637896875 0.666946925 0.29252976249999996 0.6728973218750001 0.27771858437499997 0.6798392859375 0.26502314843749997 0.6879714781249999 0.255766203125 0.6933266375 0.2539497359375 0.6954357640625 0.2560307546875 0.6965002484375 0.259204365625 0.6955084328125001 0.273486771875 0.6855912703125
3 0.36556316093749996 0.6446728671875 0.376810846875 0.6382224703125 0.3798541671875 0.636436259375 0.3817070109375 0.63474925625 0.38091302968749996 0.63435243125 0.377472553125 0.6351463296875 0.37337037031250003 0.6381232640625 0.36635681249999996 0.6414972718749999 0.357491071875 0.6463598703125 0.3499484125 0.6502299109375 0.3470373671875 0.6523139875 0.3465727515625 0.6536674109375 0.35312433906249996 0.651023809375 0.357358796875 0.6494360125 0.36556316093749996 0.6446728671875
3 0.3236795640625 0.650603421875 0.328972884375 0.6476264875 0.33585383593749996 0.6445500984375 0.33585383593749996 0.6426646828125 0.33466269843749996 0.641969990625 0.32831117656250003 0.6454432046874999 0.32116534375 0.6492140375 0.309255953125 0.6555652281250001 0.3077129625 0.6570171125 0.311637896875 0.656755953125 0.3158723546875 0.6542750500000001 0.3236795640625 0.650603421875
3 0.358045965625 0.6400672125 0.35881944374999997 0.6386894843750001 0.369648478125 0.632380953125 0.3708088625 0.6320186015625 0.3710023140625 0.6329610609375 0.36568419375 0.635571428125 0.36500760625 0.6368040671874999 0.366458003125 0.63731175625 0.3771904765625 0.6318735125 0.38695601874999996 0.6275228171875 0.38772949687499997 0.6261450890625 0.39198412656250003 0.6231723703125 0.39498148125 0.6211418656250001 0.39420800312500004 0.6205620046875 0.38724603125 0.6236073906249999 0.38328174531250003 0.62571006875 0.38241170625 0.6253474703124999 0.390630290625 0.6207068453125 0.39072685156250003 0.619764384375 0.3902437171875 0.6195468749999999 0.38550562187500004 0.621939484375 0.37786739375 0.625855159375 0.373516203125 0.6285379468750001 0.3684884265625 0.631293403125 0.3607529765625 0.6352814984374999 0.3531147484375 0.63926959375 0.3520509265625 0.6405746531250001 0.3549517203125 0.640284721875 0.35630555625000004 0.6407921625 0.358045965625 0.6400672125
3 0.4083908734375 0.612883184375 0.4170674609375 0.6088251484375 0.41828042343750005 0.6088950890625 0.42089285781249997 0.6079154265625 0.424625 0.6055364578125 0.43050264531250004 0.6029476687499999 0.43852645468749996 0.5977001484375 0.44244510625 0.59532118125 0.44664351875 0.592592509375 0.4511220234375 0.5898638390625 0.44934920624999997 0.5895838296875 0.44543088593749997 0.591472965625 0.43796660000000004 0.59553125 0.43180886249999995 0.5986798109375 0.422665675 0.603857390625 0.4206130953125 0.60392733125 0.4176273140625 0.604766865625 0.408204034375 0.6096646828125001 0.4042910046875 0.6117901781249999 0.4046587296875 0.613373015625 0.40456547656249997 0.61470238125 0.4083908734375 0.612883184375
3 0.4217086640625 0.598451140625 0.423388228125 0.59691170625 0.4296392203125 0.5935533234375 0.431038690625 0.5925736609375 0.43085218281250004 0.5918040671875 0.4293594578125 0.5921540171874999 0.4217086640625 0.5960022328125001 0.416950396875 0.598591021875 0.40967295000000004 0.6020892859375 0.4053812828125 0.6043283734375 0.40475727499999997 0.6054040171875 0.4066875 0.6060076890625 0.4106994046875 0.6041884921875 0.4217086640625 0.598451140625
3 0.47590839999999995 0.5975687 0.484976521875 0.5927467765625 0.49420899531250007 0.5874303078125 0.504678240625 0.5822991078124999 0.5047609125 0.5809392359375 0.5044312171875001 0.5797646328125 0.502535053125 0.5803826890625 0.49676454999999997 0.5831646828125 0.4937969578125 0.5845865578125 0.488273809375 0.5874920640625 0.4820085984375 0.5912013890625001 0.48093716875 0.5923139875000001 0.47623842656250004 0.594972221875 0.47170436562500007 0.5970124015625 0.46609887499999997 0.6001651781249999 0.4586795640625 0.603998015625 0.45595932499999997 0.6062234625 0.4577728171875 0.605914434375 0.46436772499999995 0.6033797125 0.47590839999999995 0.5975687
3 0.46993783125000005 0.5867735609375 0.476789021875 0.5830585312500001 0.48743419374999997 0.57665625 0.4865909390625 0.5756287203125 0.48469378281250003 0.576419146875 0.47763194374999995 0.580450396875 0.472994709375 0.5835329859375 0.470781084375 0.5840860609375 0.4624546953125 0.588670634375 0.4524417984375 0.594282490625 0.4476990734375 0.5961793156249999 0.44670271093749997 0.598126984375 0.4505446421875 0.5972068453125 0.4534957015625 0.59641641875 0.4600304234375 0.5923063 0.46993783125000005 0.5867735609375
3 0.4772675265625 0.5898325890625 0.48485648125 0.585643353125 0.5073062171875 0.572206596875 0.530178571875 0.5592624015625 0.5464123671875 0.5504074906249999 0.544725859375 0.550012153125 0.5365049609375 0.5542013890625 0.5319725531249999 0.5553080359375 0.5290214953125 0.5564935515625 0.5224867718749999 0.5601294640625001 0.5115254625000001 0.5669270828124999 0.5111038359375 0.5676383921875 0.4865962296875 0.58155381875 0.46100760625000003 0.595470734375 0.4569808203125 0.5983244046875 0.4568204359375 0.5997916671875 0.4578743390625 0.6001078875 0.468097884375 0.5945749015625 0.4772675265625 0.5898325890625
3 0.5317245374999999 0.55173983125 0.5312053578125 0.5515729171875 0.5355082671875 0.5489578374999999 0.535211640625 0.5478452375 0.5340985453125 0.5475669640625 0.5309828046875 0.5497924109375 0.5254186515625 0.5526299609375 0.5187414015625 0.5558568953125 0.505961640625 0.563453125 0.5046259921875 0.5650111609375 0.4996554234375 0.568237846875 0.496134590625 0.5705128968750001 0.4970178578125 0.571548859375 0.5083687171875 0.56542881875 0.530834325 0.5527968750000001 0.5317245374999999 0.55173983125