2 0.5109126984375 0.9933035718750001 0.51223545 0.9893353171875001 0.5135582015625 0.9779265875 0.51223545 0.974454365625 0.5066137562499999 0.9769345234375001 0.502976190625 0.983630953125 0.502976190625 0.9925595234375001 0.5046296296875 0.994295634375 0.5085978843750001 0.9955357140625001 0.5109126984375 0.9933035718750001
2 0.5535714281249999 0.9546130953124999 0.55687830625 0.9551091265625 0.558862434375 0.952876984375 0.559523809375 0.9464285718750001 0.559193121875 0.940228175 0.5572089953125 0.9360119046875001 0.549603175 0.9335317453125 0.546626984375 0.93427579375 0.5446428578125 0.937748015625 0.54431216875 0.94345238125 0.5456349203124999 0.9466765875 0.5515873015625 0.9508928578125 0.5535714281249999 0.9546130953124999
2 0.559523809375 0.915674603125 0.559193121875 0.9052579359375 0.5575396828125 0.9015376984374999 0.5535714281249999 0.9017857140625001 0.5492724875 0.9074900796875 0.5499338625 0.9176587296875001 0.553240740625 0.919146825 0.5572089953125 0.919146825 0.559523809375 0.915674603125
2 0.48842592656250006 0.8630952375 0.48776454999999996 0.861855159375 0.484126984375 0.86259920625 0.48379629687500003 0.8727678578125 0.48776454999999996 0.8802083328125001 0.490410053125 0.8769841265625 0.48842592656250006 0.8630952375
2 0.5400132281250001 0.8298611109375 0.5386904765625 0.8214285718750001 0.5367063484375 0.8201884921874999 0.5327380953125 0.8201884921874999 0.53075396875 0.8244047625 0.5304232796874999 0.82862103125 0.5324074078125001 0.8330853171875001 0.537367725 0.8328373015625001 0.5400132281250001 0.8298611109375
2 0.46891534375 0.769097221875 0.471560846875 0.7638888890625 0.47850529062499997 0.759424603125 0.48015872968749995 0.7554563484375 0.48048941875000006 0.7480158734375 0.478174603125 0.7398313484375 0.47718253906249997 0.7229662703125 0.4738756609375 0.7172619046875 0.47222222187499996 0.7202380953125 0.47288359843750005 0.731398809375 0.471560846875 0.737351190625 0.46957672031250003 0.7390873015625 0.4636243390625 0.7363591265625 0.4619709 0.736855159375 0.45866402187500005 0.7452876984375 0.4583333328125 0.7589285718750001 0.462632275 0.7698412703125 0.4669312171875 0.7705853171875 0.46891534375 0.769097221875
2 0.5350529093749999 0.7730654765625 0.5357142859375 0.769097221875 0.5330687828125 0.7636408734375 0.5291005296875 0.7638888890625 0.528769840625 0.771825396875 0.5294312171875 0.7735615078125 0.5330687828125 0.7757936515625 0.5350529093749999 0.7730654765625
2 0.49801587343750003 0.7569444437499999 0.4947089953125 0.7566964281249999 0.49371693125 0.7591765875 0.49437830624999995 0.768601190625 0.49801587343750003 0.771825396875 0.5 0.766369046875 0.49801587343750003 0.7569444437499999
2 0.45535714218749995 0.6584821421875 0.45370370312499997 0.6488095234375 0.44940476250000005 0.64657738125 0.447089946875 0.6478174609375 0.44609788437500003 0.650049603125 0.446759259375 0.6607142859375 0.44940476250000005 0.662450396875 0.453042328125 0.66220238125 0.45535714218749995 0.6584821421875
2 0.5171957671875 0.6644345234375 0.515542328125 0.655505953125 0.5119047625 0.6540178578125 0.509920634375 0.6582341265625 0.509589946875 0.662450396875 0.5119047625 0.6679067453124999 0.515542328125 0.6679067453124999 0.5171957671875 0.6644345234375
2 0.46957672031250003 0.61259920625 0.4672619046875 0.6103670640625001 0.465608465625 0.6103670640625001 0.4636243390625 0.6108630953125 0.4623015875 0.612847221875 0.46296296249999996 0.622271825 0.4669312171875 0.6262400796875001 0.4702380953125 0.622271825 0.46957672031250003 0.61259920625
2 0.5208333328125 0.6046626984375 0.5231481484375 0.6024305562500001 0.521164021875 0.5920138890625 0.5178571421875 0.590773809375 0.515873015625 0.591269840625 0.5142195765625 0.593501984375 0.5138888890625 0.5989583328125 0.515542328125 0.6026785718750001 0.51851851875 0.6049107140625 0.5208333328125 0.6046626984375
2 0.48115079375 0.5644841265625 0.48082010625000005 0.5587797625 0.477513228125 0.5545634921875 0.4738756609375 0.552579365625 0.471560846875 0.5558035718750001 0.471891534375 0.5644841265625 0.4738756609375 0.5677083328125 0.47718253906249997 0.56845238125 0.48115079375 0.5644841265625
2 0.5268409390625 0.6234384921875 0.5287824078125001 0.624226934375 0.53080489375 0.6238023312500001 0.5312093250000001 0.621376984375 0.53104761875 0.6191334328125 0.5287017203125 0.617617559375 0.5268409390625 0.6180421625 0.5264365078125001 0.619921875 0.5264365078125001 0.621073909375 0.5268409390625 0.6234384921875
2 0.49066005312499994 0.61870709375 0.491630621875 0.6196168156249999 0.493329365625 0.6199804062500001 0.4943002640625 0.618222221875 0.49373412656250004 0.6159786703125001 0.4912463625 0.615084325 0.49049801562499995 0.6160391859375001 0.489931878125 0.616766865625 0.49066005312499994 0.61870709375
2 0.4549057546875 0.59172743125 0.4556147484375 0.5939977671875 0.4570968921875 0.5947705859375 0.4587724875 0.594480903125 0.459545965625 0.592790178125 0.45993253906250003 0.5907130453125 0.4589014546875 0.5886842765625 0.456194775 0.58771800625 0.455034721875 0.5892155265625 0.4549057546875 0.58998834375 0.4549057546875 0.59172743125
2 0.44614087343750003 0.5912442953125 0.44826752656249996 0.5922105656250001 0.45013657343749996 0.5905682046875 0.449814153125 0.5879595734375 0.44826752656249996 0.5860756453125 0.4455767203125 0.5856021828125 0.4449808203125 0.5874283234375001 0.44517394218749995 0.5895054562500001 0.44614087343750003 0.5912442953125
2 0.44117824062500005 0.572068453125 0.44298280468750006 0.5715369546875 0.44317625625 0.569846478125 0.4425962296875 0.568059028125 0.43913194375 0.56826165625 0.43834259218750005 0.569798115625 0.43885813437500004 0.571198909375 0.44117824062500005 0.572068453125
2 0.42770866406249997 0.5553799609375 0.4289976859375 0.5559595734375 0.431317790625 0.5555248015625 0.4320912703125 0.55344766875 0.4317688484375 0.5517088296875 0.4298353171875 0.550694196875 0.4280952375 0.55055853125 0.42699966875 0.55117733125 0.42699966875 0.5524332843749999 0.42770866406249997 0.5553799609375
2 0.504836640625 0.5795260421874999 0.5051590609375001 0.581506696875 0.505674603125 0.5841150796875 0.5065767203125 0.5859990078124999 0.5083167984375 0.587206596875 0.509799271875 0.5868685515625 0.5107013890625 0.5851294640625 0.5107013890625 0.5836803078125 0.5101213625 0.5813616078125 0.5091547624999999 0.5795260421874999 0.5072053578125 0.5776267359375 0.5066412031249999 0.5776904765624999 0.5054166671875 0.5786083828125 0.504836640625 0.5795260421874999
2 0.4996693125 0.5329861109375 0.5 0.5297619046875 0.4986772484375 0.5262896828125 0.4947089953125 0.521329365625 0.49140211562499997 0.52157738125 0.490410053125 0.5225694437499999 0.491071428125 0.5329861109375 0.4947089953125 0.5354662703125 0.49801587343750003 0.5349702375 0.4996693125 0.5329861109375
2 0.5049603171875 0.5133928578125 0.5016534390625 0.5109126984375 0.5 0.513144840625 0.5013227515625001 0.5205853171875 0.5049603171875 0.5230654765625 0.5066137562499999 0.5195932546875001 0.5049603171875 0.5133928578125
2 0.4272486765625 0.4945436515625 0.4265873015625 0.48784722187499996 0.42526454999999996 0.487103175 0.421957671875 0.48784722187499996 0.41931216875 0.4923115078125 0.41931216875 0.497023809375 0.421957671875 0.4990079359375 0.42559523749999995 0.497271825 0.4272486765625 0.4945436515625
2 0.4735449734375 0.4764384921875 0.47718253906249997 0.47470238125 0.47883597812499995 0.471478175 0.47883597812499995 0.4623015875 0.4761904765625 0.45238095312500004 0.4735449734375 0.4516369046875 0.4702380953125 0.452876984375 0.46527777812500004 0.45659722187499996 0.4619709 0.46453372968749995 0.4619709 0.47222222187499996 0.4632936515625 0.47470238125 0.4699074078125 0.4764384921875 0.4735449734375 0.4764384921875
2 0.5013227515625001 0.4751984125 0.5023148140625 0.4672619046875 0.5009920640625001 0.46155753906249997 0.49801587343750003 0.4595734125 0.49437830624999995 0.4610615078125 0.4920634921875 0.46453372968749995 0.4920634921875 0.4702380953125 0.49404761875 0.4737103171875 0.49768518593750005 0.475446428125 0.5013227515625001 0.4751984125
2 0.42261904687499996 0.45684523749999995 0.41865079375 0.453373015625 0.41468253906249997 0.45238095312500004 0.415013228125 0.4637896828125 0.41832010625000005 0.46651785781250005 0.421957671875 0.4623015875 0.42261904687499996 0.45684523749999995
2 0.4874338625 0.45362103125 0.4861111109375 0.44940476250000005 0.484126984375 0.4481646828125 0.48082010625000005 0.4484126984375 0.48015872968749995 0.44940476250000005 0.48082010625000005 0.4548611109375 0.484126984375 0.45634920625 0.4861111109375 0.455853175 0.4874338625 0.45362103125
2 0.48247354531250003 0.408978175 0.48082010625000005 0.406498015625 0.477513228125 0.4077380953125 0.47718253906249997 0.4117063484375 0.48082010625000005 0.4169146828125 0.48379629687500003 0.41493055625 0.48247354531250003 0.408978175
2 0.4702380953125 0.362103175 0.4765211640625 0.356894840625 0.477513228125 0.35243055624999997 0.4735449734375 0.3487103171875 0.4702380953125 0.34821428593750003 0.4632936515625 0.35243055624999997 0.462632275 0.3541666671875 0.4623015875 0.35615079375 0.46461640156249995 0.35987103125000003 0.4669312171875 0.3616071421875 0.4702380953125 0.362103175
2 0.4206349203125 0.32490079375 0.41832010625000005 0.31299603125000003 0.415013228125 0.3110119046875 0.4113756609375 0.3125 0.412367725 0.32465277812500004 0.41468253906249997 0.327380953125 0.41832010625000005 0.32762896874999997 0.4206349203125 0.32490079375
2 0.43948412656249997 0.3333333328125 0.43816137499999996 0.33407738125 0.43816137499999996 0.3397817453125 0.4424603171875 0.341269840625 0.44312169375000005 0.33482142812500004 0.43948412656249997 0.3333333328125
2 0.4520502640625 0.3139880953125 0.44973545000000004 0.30927579375 0.4457671953125 0.309771825 0.4468449078125 0.3198794640625 0.449597553125 0.3209603171875 0.45208829375 0.3183072921875 0.4520502640625 0.3139880953125
2 0.45866402187500005 0.297619046875 0.45734127031250005 0.2921626984375 0.453373015625 0.2894345234375 0.45105820156250004 0.2919146828125 0.4507275125 0.296875 0.45238095312500004 0.2991071421875 0.45634920625 0.3010912703125 0.45866402187500005 0.297619046875
2 0.44345238125 0.2385912703125 0.4427910046875 0.22743055625 0.4391534390625 0.2224702375 0.4358465609375 0.2224702375 0.43353174531249994 0.22569444375 0.434854496875 0.237351190625 0.43948412656249997 0.24404761874999997 0.4421296296875 0.24255952343749998 0.44345238125 0.2385912703125
2 0.3978174609375 0.22867063437500001 0.3988095234375 0.2264384921875 0.397156084375 0.2147817453125 0.39384920625 0.2108134921875 0.390542328125 0.2110615078125 0.38955026406250004 0.21279761874999997 0.390542328125 0.22743055625 0.39252645468749997 0.22916666718749998 0.3958333328125 0.22941468281250002 0.3978174609375 0.22867063437500001
2 0.4166666671875 0.21031746093749998 0.415343915625 0.2008928578125 0.4117063484375 0.1976686515625 0.409060846875 0.19965277812499999 0.408730159375 0.20386904687500002 0.4110449734375 0.21056547656250002 0.415013228125 0.21205357187499999 0.4166666671875 0.21031746093749998
2 0.43551587343750003 0.2008928578125 0.43683862500000004 0.1981646828125 0.4367837296875 0.19442038749999999 0.43494874375 0.1909813984375 0.43258895468749997 0.18862326406250002 0.42890211562499997 0.1875 0.4272486765625 0.1889880953125 0.4269179890625 0.193204365625 0.42890211562499997 0.1989087296875 0.4322089953125 0.2008928578125 0.43551587343750003 0.2008928578125
2 0.45238095312500004 0.16741071406250002 0.4543650796875 0.1654265875 0.453373015625 0.1574900796875 0.450396825 0.15600198437499999 0.4477513234375 0.15674603125 0.44733630937499996 0.15856101250000001 0.44759854531250004 0.1644563484375 0.4493025796875 0.1668142359375 0.45238095312500004 0.16741071406250002
2 0.41832010625000005 0.11235119062500001 0.415013228125 0.1078869046875 0.4113756609375 0.10887896875 0.4110449734375 0.11631944375 0.415013228125 0.1197916671875 0.41832010625000005 0.11755952343750001 0.41832010625000005 0.11235119062500001
2 0.43948412656249997 0.14409722187500001 0.43816137499999996 0.140625 0.4322089953125 0.134920634375 0.4295634921875 0.13740079375 0.4292328046875 0.140625 0.43088624375 0.1443452375 0.4358465609375 0.149553571875 0.43948412656249997 0.14409722187500001
2 0.415343915625 0.0647321421875 0.4143518515625 0.05729166718749999 0.4113756609375 0.05481150781250001 0.4077380953125 0.056547618749999994 0.40839947031249996 0.0639880953125 0.4113756609375 0.0672123015625 0.41335978906250004 0.0669642859375 0.415343915625 0.0647321421875
2 0.4335171953125 0.0768092765625 0.43173445781249997 0.071464534375 0.42622420625 0.0687921625 0.42526454999999996 0.07415674531250001 0.428571428125 0.07862103125 0.43187830624999995 0.07862103125 0.4335171953125 0.0768092765625