2 0.496214946875 0.5014516375 0.5069715609375 0.50569766875 0.5120667984375 0.5042115578125 0.5078207671875 0.49847941406249996 0.494233465625 0.491261409375 0.4803634265625 0.483830853125 0.4724375 0.47852331406250004 0.466776125 0.47640029687499996 0.4622470234375 0.47916021875 0.469040675 0.48531696406249997 0.47356977499999997 0.491261409375 0.4868736765625 0.496993303125 0.496214946875 0.5014516375
2 0.5489110453125 0.48524181562499996 0.5494014546875 0.48352554531249997 0.5466223546875 0.482299603125 0.54400694375 0.48266741093750004 0.544170634375 0.48450620000000005 0.545805225 0.48573214218749994 0.5489110453125 0.48524181562499996
2 0.6141385578125 0.546128471875 0.61451124375 0.5443583828125 0.6121507937499999 0.5434268359375001 0.6102876984375001 0.5447311515625 0.6105360453124999 0.545755953125 0.6119024468750001 0.5464079859375001 0.6141385578125 0.546128471875
2 0.6213432546875 0.5597306546875 0.6225853171875 0.558798859375 0.621218915625 0.556935515625 0.618361771875 0.557308284375 0.618361771875 0.558798859375 0.6193554890625 0.5593578875 0.6213432546875 0.5597306546875
2 0.6485469578124999 0.547898809375 0.6474292328125 0.5462217265625 0.64432374375 0.545755953125 0.642833003125 0.5468740078125001 0.64432374375 0.5482713296874999 0.646435515625 0.5490166171875 0.6485469578124999 0.547898809375
2 0.6829556875 0.575009425 0.682583003125 0.57314608125 0.680347221875 0.572214534375 0.6774900796875001 0.573612103125 0.6789808203125001 0.57491641875 0.681464946875 0.5753821921875 0.6829556875 0.575009425
2 0.62444874375 0.55898511875 0.62270965625 0.5592646328125 0.622460978125 0.56075545625 0.6251937828125 0.562898065625 0.627057209375 0.5623390374999999 0.627057209375 0.56075545625 0.62444874375 0.55898511875
2 0.6278025796875 0.556842509375 0.62854795 0.5554449406249999 0.627057209375 0.5544201390625 0.6254424609375 0.5549791671875 0.6250697749999999 0.5556314484375 0.62618783125 0.55665625 0.6278025796875 0.556842509375
2 0.6379884265625 0.53513516875 0.6352556218750001 0.53438988125 0.632895503125 0.536439484375 0.6353799609374999 0.5377438 0.637615740625 0.5369985125000001 0.6379884265625 0.53513516875
2 0.620597884375 0.566251984375 0.618858796875 0.5657862109375 0.61736805625 0.56746329375 0.6181134265625 0.5682085812500001 0.6203495375 0.5679290671875 0.620597884375 0.566251984375
2 0.6982347890625 0.497310515625 0.6986074734375001 0.495447171875 0.6971167328125001 0.49432936562499996 0.6945079359374999 0.495074653125 0.694632275 0.49647197343749994 0.6962470234375 0.497310515625 0.6982347890625 0.497310515625
2 0.7613379625000001 0.53988665625 0.759598875 0.5388618546874999 0.757487103125 0.539048115625 0.7573627640625 0.5410044640625 0.7593505296874999 0.541936259375 0.761089615625 0.5410044640625 0.7613379625000001 0.53988665625
2 0.8091620374999999 0.5543271328125 0.8085410046874999 0.5528363093750001 0.8070505953125 0.551345734375 0.8053115078124999 0.5518115078125 0.8051871687500001 0.5537681046875 0.8059325390625001 0.5544201390625 0.8075472890625001 0.5549791671875 0.8091620374999999 0.5543271328125
2 0.9600985453125 0.640530009375 0.9600985453125 0.63836334375 0.9555588625 0.637280009375 0.9530830031249999 0.6388276296875001 0.9539084000000001 0.6409942953125001 0.9570033062500001 0.6414583328125001 0.9600985453125 0.640530009375