1 0.245130621875 0.2882787703125 0.25099966875 0.2876733625 0.2573571421875 0.28760962343749996 0.26295601875 0.283560515625 0.26179298906250004 0.27724380000000004 0.25744444375 0.273762896875 0.2511369046875 0.2722876984375 0.247226190625 0.2722876984375 0.24272685156249998 0.2744938 0.24187301562500002 0.28554588281250004 0.2445671296875 0.28559226249999997 0.245130621875 0.2882787703125
1 0.2946557546875 0.38403993125 0.2958267203125 0.390190228125 0.30204795 0.3925064484375 0.30482308125 0.3944379953125 0.3121875 0.392648809375 0.3143432546875 0.386602678125 0.3157711640625 0.3800577875 0.3156068125 0.373176090625 0.310398478125 0.3690391859375 0.302391203125 0.3632204859375 0.29887830625 0.361741071875 0.29593419375 0.3633821921875 0.29354761875 0.36869444375 0.2937837296875 0.3757046125 0.2946557546875 0.38403993125
1 0.2658571421875 0.40252951406250004 0.263883928125 0.40553199375000004 0.266645503125 0.41057390937499993 0.26752810781249997 0.4086661703125 0.2658571421875 0.40252951406250004
1 0.29183664062500003 0.4799375 0.2908115078125 0.48466344218749996 0.291233796875 0.49124975156249995 0.2916349203125 0.4972564484375 0.2922691796875 0.5038583828125 0.2969679234375 0.5068070437500001 0.3006094578125 0.5120121531249999 0.3070036375 0.513225446875 0.31340806875 0.5120907734375 0.31431349218750004 0.5073720234375 0.31306646875 0.49969196406250005 0.3117695109375 0.495946925 0.3110654765625 0.48742857187500005 0.30775694374999996 0.47831994062499994 0.3062609125 0.472310515625 0.297090278125 0.4660009921875 0.29362103125 0.4718799609375 0.295527115625 0.47759895781250006 0.29183664062500003 0.4799375
1 0.3204619703125 0.4721314484375 0.3246498015625 0.4718353171875 0.326211309375 0.4683236609375 0.3250611765625 0.46135143906250003 0.3225916 0.45922346249999996 0.3185727515625 0.4613685515625 0.31794808125 0.46533358125 0.31834821406249997 0.4704208828125 0.3204619703125 0.4721314484375
1 0.31241633593749996 0.6001188 0.3158174609375 0.602888640625 0.319604828125 0.6028072921875001 0.3226623671875 0.600662203125 0.3226623671875 0.5955560515625 0.3193462296875 0.5882790171875001 0.31624040937500003 0.5830376984375001 0.3156567453125 0.58220858125 0.3100211640625 0.5834342765625 0.3091732796875 0.58748983125 0.30969510625 0.59472420625 0.31241633593749996 0.6001188
1 0.3640952375 0.5756396328125 0.36549603125 0.574025296875 0.3632099875 0.5669330359375 0.3615244703125 0.5582142859375 0.359056546875 0.55267881875 0.3536167328125 0.5609446921875 0.35437003906250003 0.5686817953125 0.357744046875 0.5725178578125 0.3640952375 0.5756396328125
1 0.34038194375 0.67390228125 0.3400648140625 0.6704293156250001 0.33869874375000003 0.6662681046875 0.3348713625 0.6676857640625 0.3361035046875 0.6731321921875 0.337777115625 0.6755533234375 0.34038194375 0.67390228125
1 0.3556458328125 0.6794561015625 0.3582744703125 0.6772212296875 0.3574312171875 0.6726138390624999 0.3557010578125 0.670966021875 0.3536402109375 0.6712428078125 0.3534937171875 0.6728668156250001 0.35368750000000004 0.6780404265625 0.3556458328125 0.6794561015625
1 0.313328703125 0.6704516375 0.313328703125 0.668349703125 0.31274834687499997 0.66509375 0.3105942453125 0.6651001984375 0.3105208328125 0.668028521875 0.31058201093750004 0.67015079375 0.313328703125 0.6704516375
1 0.321303571875 0.679563740625 0.320960978125 0.675040675 0.31923611093750004 0.671133928125 0.31732572812500004 0.6729789187499999 0.317459325 0.6772626484375001 0.31814351875 0.67994915625 0.321303571875 0.679563740625
1 0.3525191796875 0.63105853125 0.3525191796875 0.6363162203125 0.35575595312499997 0.6508811999999999 0.3586329359375 0.6608072921875 0.3611223546875 0.669742559375 0.3618240734375 0.679519840625 0.3652288359375 0.693506696875 0.36843584687500003 0.6959685015625 0.37639351875 0.6934255953124999 0.3766005296875 0.6985887890625 0.381924271875 0.701108134375 0.38650661406250003 0.6963938484375001 0.38757209062500003 0.69212574375 0.3892787703125 0.68697569375 0.387292328125 0.6815376984375 0.383858796875 0.6779920640625 0.379152115625 0.6699365078125 0.373909721875 0.66334449375 0.3724775125 0.66334449375 0.3711369046875 0.6567046125 0.3678538359375 0.639523809375 0.3605710984375 0.633850446875 0.356159721875 0.63024454375 0.3525191796875 0.63105853125
1 0.356295965625 0.7110453875 0.3565747359375 0.715341021875 0.357579034375 0.72284995 0.36084556874999996 0.7280262890625 0.3598561515625 0.734023809375 0.360237103125 0.738678571875 0.3637232140625 0.7465734125 0.3705393515625 0.740782490625 0.374233134375 0.736717509375 0.37641071406250004 0.7417609125 0.3810380296875 0.747116815625 0.3844715609375 0.7441877484375 0.38232010625 0.73465625 0.3813779765625 0.7293474703125 0.3797490078125 0.7246083828125001 0.3772070109375 0.7214454359375 0.3772070109375 0.7160329859375001 0.3742933203125 0.7158402781250001 0.36979464218749997 0.706368303125 0.364277115625 0.7062931546875 0.35654431249999996 0.70603670625 0.356295965625 0.70789756875 0.356295965625 0.7110453875
1 0.3362635578125 0.7806768359375 0.3395727515625 0.7849861109375 0.3439771828125 0.788126240625 0.3466091265625 0.7886733625 0.34679265937500003 0.7854541171875 0.346901125 0.7781044140625 0.3436207015625 0.7713005953125001 0.33914814843749996 0.771867559375 0.3365813484375 0.7740500984375001 0.3362635578125 0.7769221234375 0.3362635578125 0.7806768359375
1 0.3687870375 0.75628521875 0.3673339953125 0.75284449375 0.3642972890625 0.7547006453125 0.365289021875 0.7579342765625 0.3670806875 0.7579342765625 0.3687870375 0.75628521875
1 0.384215278125 0.7637477671874999 0.386200728125 0.7620312499999999 0.3857212296875 0.758481646875 0.38390244687499997 0.7533328375 0.3814348546875 0.754013640625 0.38101951093749997 0.7573497031249999 0.381755621875 0.762158978125 0.384215278125 0.7637477671874999
1 0.3594629625 0.798680803125 0.3656001984375 0.801605159375 0.371012896875 0.7990248015625 0.3702175921875 0.7935404265625 0.3661752640625 0.789865575 0.3644255953125 0.7897566968749999 0.3604897484375 0.7902686015625 0.359762565625 0.793232390625 0.3589308859375 0.79646478125 0.3594629625 0.798680803125
1 0.3487232140625 0.797344990625 0.34835879687500004 0.792321428125 0.34567691875 0.7907760421875001 0.3440171953125 0.7926431046875 0.3440171953125 0.7952497515625 0.3487232140625 0.797344990625
1 0.3946276453125 0.814251984375 0.398700728125 0.811866815625 0.39780489375 0.8074553578125 0.3957453703125 0.8044213796875 0.3945638234375 0.8008154765625 0.393060846875 0.797978175 0.38930125625 0.7980109125 0.3862053578125 0.8027279265624999 0.3897364421875 0.8099464281250001 0.3946276453125 0.814251984375