1 0.40575396875 0.5295138890625 0.40542327968749997 0.5399305562500001 0.41071428593750003 0.546875 0.41997354531250003 0.5553075390625 0.428571428125 0.565972221875 0.4322089953125 0.568700396875 0.4361772484375 0.5696924609375 0.43981481406249995 0.56845238125 0.4427910046875 0.5642361109375 0.4427910046875 0.5572916671875 0.4322089953125 0.5359623015625 0.4269179890625 0.5292658734375 0.422288359375 0.5210813484375 0.41832010625000005 0.5178571421875 0.41765872968749995 0.5178571421875 0.4113756609375 0.5193452375 0.4050925921875 0.5223214281249999 0.4044312171875 0.5265376984375 0.40575396875 0.5295138890625
1 0.46660052968750004 0.512648809375 0.47321428593750003 0.5223214281249999 0.47883597812499995 0.533730159375 0.484126984375 0.5381944437499999 0.487103175 0.5391865078125 0.4894179890625 0.5389384921875 0.4923941796875 0.536954365625 0.49338624375 0.533978175 0.49305555625 0.5297619046875 0.491071428125 0.5245535718750001 0.4861111109375 0.5168650796875001 0.48511904687499996 0.512648809375 0.48115079375 0.5074404765625 0.4755291 0.5039682546875001 0.471560846875 0.502728175 0.46957672031250003 0.502728175 0.4669312171875 0.503472221875 0.465608465625 0.5049603171875 0.46527777812500004 0.5084325390625 0.46660052968750004 0.512648809375
1 0.383597884375 0.6024305562500001 0.390542328125 0.6024305562500001 0.3948412703125 0.59970238125 0.39649470937500003 0.5954861109375 0.39649470937500003 0.5915178578125 0.39351851875 0.5858134921875 0.3875661375 0.5818452375 0.3736772484375 0.577876984375 0.3730158734375 0.577876984375 0.3697089953125 0.5798611109375 0.36937830625 0.5820932546875001 0.37599206406249996 0.5952380953125 0.383597884375 0.6024305562500001
1 0.424603175 0.627728175 0.42526454999999996 0.6294642859375 0.4322089953125 0.6334325390625 0.43551587343750003 0.6304563484375 0.440145503125 0.6302083328125 0.44312169375000005 0.628472221875 0.44411375625 0.6269841265625 0.44411375625 0.622519840625 0.4427910046875 0.6173115078125 0.4388227515625 0.609126984375 0.4361772484375 0.6056547625 0.4292328046875 0.6019345234375 0.428240740625 0.6019345234375 0.41732804218749997 0.6081349203124999 0.41633597812499995 0.6130952375 0.421626984375 0.625248015625 0.424603175 0.627728175
1 0.5396825390625 0.637896825 0.54332010625 0.64384920625 0.549603175 0.6507936515625 0.5539021156249999 0.653521825 0.5608465609375 0.65575396875 0.5648148140625 0.652777778125 0.565476190625 0.6512896828125 0.5641534390625 0.64384920625 0.5625 0.640376984375 0.5625 0.6299603171875 0.55654761875 0.6237599203124999 0.55026455 0.6197916671875 0.5499338625 0.6197916671875 0.54431216875 0.622271825 0.5400132281250001 0.6267361109375 0.5386904765625 0.6326884921875 0.5396825390625 0.637896825
1 0.6550925921874999 0.9362599203125 0.6544312171875 0.9394841265625 0.6574074078125001 0.9461805562500001 0.6603835984375 0.94990079375 0.6646825390625 0.952876984375 0.66898148125 0.953869046875 0.671626984375 0.953373015625 0.6759259265625001 0.94990079375 0.6765873015625 0.9422123015625001 0.6736111109375 0.9355158734375 0.66832010625 0.931795634375 0.6665013234375 0.931795634375 0.6646825390625 0.931795634375 0.6613756609375 0.934523809375 0.6577380953125 0.9360119046875001 0.6550925921874999 0.9362599203125
1 0.67526455 0.84052579375 0.6792328046875 0.8420138890625 0.6822089953125 0.84052579375 0.6822089953125 0.8373015875 0.6785714281249999 0.82762896875 0.67526455 0.8234126984374999 0.672619046875 0.8226686515624999 0.671296296875 0.8226686515624999 0.6676587296875 0.8244047625 0.6679894187500001 0.8291170640625 0.6736111109375 0.8387896828124999 0.67526455 0.84052579375
1 0.375 0.38715277812500004 0.375661375 0.3970734125 0.3773148140625 0.40029761875 0.38326719531250003 0.4079861109375 0.39153439218749997 0.4126984125 0.403769840625 0.4283234125 0.4077380953125 0.4300595234375 0.41071428593750003 0.4295634921875 0.4117063484375 0.428571428125 0.40707672031250003 0.41319444375 0.40707672031250003 0.40674603125 0.4080687828125 0.403769840625 0.4074074078125 0.39756944375000003 0.40575396875 0.3943452375 0.4014550265625 0.3883928578125 0.3955026453125 0.38392857187499996 0.3885582015625 0.3764880953125 0.38326719531250003 0.372519840625 0.3733465609375 0.3695436515625 0.3730158734375 0.3695436515625 0.37169312187500003 0.3727678578125 0.372023809375 0.3762400796875 0.3733465609375 0.38368055624999997 0.375 0.38715277812500004
1 0.18915343906249998 0.29092261875 0.1924603171875 0.294394840625 0.19973544999999998 0.29637896874999997 0.20271164062499997 0.2981150796875 0.20899470937500003 0.2988591265625 0.21693121718750003 0.2983630953125 0.2179232796875 0.29637896874999997 0.21031746093749998 0.2859623015625 0.20138888906250002 0.278769840625 0.19973544999999998 0.2760416671875 0.196097884375 0.2730654765625 0.1957671953125 0.2730654765625 0.19345238125 0.27455357187499996 0.1878306875 0.2824900796875 0.1878306875 0.287450396875 0.18915343906249998 0.29092261875
1 0.32076719531250003 0.471726190625 0.3240740734375 0.471478175 0.3263888890625 0.4675099203125 0.325396825 0.46428571406249997 0.321097884375 0.4610615078125 0.3177910046875 0.46031746093750003 0.3174603171875 0.46006944375 0.31349206406249996 0.462549603125 0.3148148140625 0.46676587343750003 0.3174603171875 0.4697420640625 0.32076719531250003 0.471726190625
1 0.0800264546875 0.064980159375 0.0916005296875 0.07068452343750001 0.0985449734375 0.075148809375 0.103174603125 0.0744047625 0.1041666671875 0.0731646828125 0.1041666671875 0.0689484125 0.103174603125 0.06423611093750001 0.10019841249999999 0.060267857812500006 0.0922619046875 0.0533234125 0.0800264546875 0.0451388890625 0.078042328125 0.0429067453125 0.077711640625 0.0429067453125 0.077711640625 0.050347221875 0.07605820156250001 0.0587797625 0.0770502640625 0.062251984375 0.0800264546875 0.064980159375