1 0.334656084375 0.533730159375 0.3697089953125 0.537450396875 0.3746693125 0.537450396875 0.3773148140625 0.5364583328125 0.3544973546875 0.5260416671875 0.3419312171875 0.5220734125 0.328703703125 0.5198412703125 0.3269675921875 0.5198412703125 0.321097884375 0.5200892859375 0.3197751328125 0.5225694437499999 0.3296957671875 0.53075396875 0.334656084375 0.533730159375
1 0.2146164015625 0.5052083328125 0.2175925921875 0.5064484125 0.22387566093750003 0.5071924609375 0.2265211640625 0.5052083328125 0.22619047656250002 0.4987599203125 0.22387566093750003 0.49652777812500004 0.22056878281249997 0.4952876984375 0.2202380953125 0.4950396828125 0.2123015875 0.49677579375 0.20899470937500003 0.4982638890625 0.21064814843750002 0.5017361109375 0.2146164015625 0.5052083328125
1 0.41832010625000005 0.519097221875 0.42526454999999996 0.5200892859375 0.4292328046875 0.51884920625 0.43088624375 0.5146329359374999 0.4269179890625 0.509920634375 0.421957671875 0.5076884921875 0.4209656078125 0.5076884921875 0.41832010625000005 0.5081845234375 0.41468253906249997 0.5111607140625 0.4136904765625 0.515873015625 0.41832010625000005 0.519097221875
1 0.4986772484375 0.543402778125 0.5072751328125 0.544146825 0.5119047625 0.5431547625 0.5115740734374999 0.5399305562500001 0.5089285718750001 0.5362103171875 0.5052910046875 0.53447420625 0.49933862500000004 0.5332341265625 0.49768518593750005 0.5332341265625 0.4950396828125 0.533978175 0.4917328046875 0.5364583328125 0.49272486718749997 0.5399305562500001 0.4986772484375 0.543402778125
1 0.6382275125 0.5949900796875001 0.6451719578125 0.5952380953125 0.6471560843749999 0.594494046875 0.6488095234375 0.5920138890625 0.6478174609375 0.590773809375 0.63723545 0.5853174609375 0.6359126984375 0.5853174609375 0.6292989421875 0.587549603125 0.6299603171875 0.5915178578125 0.6332671953125 0.593501984375 0.6382275125 0.5949900796875001
1 0.67526455 0.5870535718750001 0.6785714281249999 0.5863095234375 0.6798941796875 0.5845734125 0.67526455 0.5801091265625 0.671957671875 0.578869046875 0.6699735453125 0.578869046875 0.6679894187500001 0.578869046875 0.6653439156250001 0.58134920625 0.6669973546875 0.5845734125 0.67526455 0.5870535718750001
1 0.6957671953125 0.6145833328125 0.702380953125 0.6133432546875001 0.702711640625 0.61259920625 0.6977513234375 0.609126984375 0.6924603171875 0.6024305562500001 0.6891534390625 0.6011904765625 0.6798941796875 0.6004464281249999 0.6785714281249999 0.6004464281249999 0.6729497359375001 0.6021825390625 0.6709656078124999 0.6054067453124999 0.6755952375 0.609126984375 0.6957671953125 0.6145833328125
1 0.697089946875 0.5984623015625 0.6951058203125 0.6026785718750001 0.6977513234375 0.60615079375 0.7050264546875 0.609623015625 0.7205687828125 0.6135912703125 0.7374338625 0.6158234125 0.7414021156249999 0.6140873015625 0.7410714281249999 0.611855159375 0.73181216875 0.6044146828125 0.728174603125 0.5987103171875 0.7242063484375 0.5952380953125 0.71858465625 0.59325396875 0.7083333328125 0.5915178578125 0.70601851875 0.5915178578125 0.6980820109375 0.5917658734375 0.6951058203125 0.593501984375 0.6947751328125 0.5954861109375 0.697089946875 0.5984623015625
1 0.889880953125 0.6964285718750001 0.8981481484374999 0.6994047625 0.9077380953124999 0.700644840625 0.9249338625 0.7046130953125 0.9308862437500001 0.7051091265625 0.9322089953124999 0.706101190625 0.9328703703125001 0.7051091265625 0.9332010578125001 0.702876984375 0.921626984375 0.6994047625 0.9113756609375001 0.6946924609375 0.90575396875 0.693700396875 0.8865740734375 0.6875 0.86904761875 0.6785714281249999 0.8574735453125 0.6765873015625 0.8326719578124999 0.674851190625 0.83101851875 0.674851190625 0.8270502640625 0.675347221875 0.8382936515624999 0.6825396828125 0.86276455 0.6927083328125 0.889880953125 0.6964285718750001
1 0.8207671953125001 0.6510416671875 0.8257275125 0.6545138890625 0.8303571421875 0.65575396875 0.8419312171875 0.656001984375 0.8452380953124999 0.6547619046875 0.8452380953124999 0.6507936515625 0.84325396875 0.6478174609375 0.8386243390624999 0.6443452375 0.83167989375 0.6418650796875001 0.8296957671875 0.6418650796875001 0.82473545 0.6426091265625 0.8210978843750001 0.644097221875 0.8201058203124999 0.6470734125 0.8207671953125001 0.6510416671875
1 0.890542328125 0.6545138890625 0.8978174609374999 0.6579861109375 0.9176587296875001 0.661954365625 0.922619046875 0.66220238125 0.9262566140624999 0.6614583328125 0.9209656078125 0.6582341265625 0.9133597890624999 0.650545634375 0.9054232796875 0.6460813484375 0.8981481484374999 0.644097221875 0.896494709375 0.644097221875 0.8875661375 0.6448412703125 0.8852513234374999 0.646329365625 0.8855820109374999 0.65029761875 0.890542328125 0.6545138890625
1 0.796957671875 0.6319444437499999 0.8022486765625001 0.6319444437499999 0.8072089953124999 0.6304563484375 0.8078703703125001 0.6299603171875 0.8058862437500001 0.62549603125 0.8035714281249999 0.6237599203124999 0.7986111109375 0.622519840625 0.796847553125 0.622519840625 0.791335978125 0.6232638890625 0.7896825390625 0.6269841265625 0.7919973546875 0.6297123015625 0.796957671875 0.6319444437499999
1 0.33498677187500003 0.5478670640625001 0.3373015875 0.547123015625 0.3386243390625 0.5448908734375 0.3382936515625 0.5426587296875 0.334325396875 0.5404265875 0.3296957671875 0.5399305562500001 0.32771164062499997 0.5399305562500001 0.3250661375 0.5419146828125 0.3250661375 0.543898809375 0.33167989375 0.547619046875 0.33498677187500003 0.5478670640625001