1 0.3043568125 0.366998015625 0.30897056875 0.3681567453125 0.31434127031250003 0.36662896875 0.31487830625 0.36727256875 0.3214219578125 0.36363516875 0.3219001328125 0.3579126984375 0.32032936562500003 0.3488931046875 0.31555787031250004 0.343559028125 0.3089252640625 0.3420029765625 0.2982946421875 0.34458829375 0.299674603125 0.3635057046875 0.30256944375 0.3636361609375 0.3043568125 0.366998015625
1 0.32525628281249996 0.50624454375 0.3239014546875 0.5018301093749999 0.3216845234375 0.5027767859375001 0.3216845234375 0.505209078125 0.32387731406250003 0.507287946875 0.32525628281249996 0.50624454375
1 0.35386342656249997 0.471405009375 0.35386342656249997 0.4801470734375 0.3541994046875 0.48597519843750003 0.3581584 0.489640625 0.3642380953125 0.49245783750000005 0.3698485453125 0.49246701406250004 0.37475033125 0.48832886875000003 0.37640906093750004 0.4839791671875 0.3775618390625 0.47611582343750003 0.37541699687499996 0.469724703125 0.3720575390625 0.4664858625 0.3682542984375 0.46252281718750005 0.3655334 0.46051289687499997 0.3637622359375 0.46003968281249996 0.36228604531249997 0.45920337343749995 0.35912070156250003 0.4603142359375 0.3548835984375 0.4636014390625 0.35386342656249997 0.4683807046875 0.35386342656249997 0.471405009375
1 0.3501226859375 0.575774553125 0.3470724203125 0.5806478171875 0.3470102515625 0.58386954375 0.3470102515625 0.5888033234375001 0.346137896875 0.59678199375 0.34794742031250003 0.5968474703125 0.34896560781249997 0.6025756453125 0.35325496093750003 0.60523983125 0.35771329375 0.6081326890625001 0.3614709 0.60683358125 0.36487003906250004 0.6080272812499999 0.3661369046875 0.6111686515625 0.36825859843750003 0.6117001484375 0.3676736109375 0.607384425 0.36429795 0.5952557046875 0.364016865625 0.587933284375 0.364016865625 0.5829255953125 0.36272321406249997 0.5762946421875 0.35963756562500004 0.5723236609375 0.357822090625 0.5688442453125 0.3561772484375 0.56808680625 0.3525892859375 0.5663876484375 0.3507817453125 0.571939484375 0.3501226859375 0.575774553125
1 0.37999305625 0.570826884375 0.38127513281250003 0.5687328875000001 0.381902115625 0.56338045625 0.37849173281250004 0.55955853125 0.37532242031249996 0.5613139875 0.374821428125 0.564991071875 0.375045965625 0.5691024312499999 0.37999305625 0.570826884375
1 0.41146395468749997 0.6683256453124999 0.4149146828125 0.6707046125 0.4160248015625 0.6684432046875 0.41398743437499996 0.6576401296875 0.41386210312499994 0.650709325 0.4110562171875 0.651185515625 0.40785185156250003 0.652981646875 0.4053171296875 0.6585024796875001 0.40628207656250004 0.662358134375 0.41146395468749997 0.6683256453124999
1 0.361075728125 0.6877678578124999 0.3666402109375 0.691235615625 0.370244378125 0.6881902281250001 0.370244378125 0.6826274796875 0.3693062171875 0.67775 0.3670482796875 0.6754087296875 0.3655436515625 0.6744665171875 0.36191534375 0.67369146875 0.3586884921875 0.67623040625 0.35847255312500004 0.682380953125 0.361075728125 0.6877678578124999
1 0.40166600468749997 0.74209920625 0.40218253906249996 0.7455290171875 0.4052751328125 0.7499657734375 0.4058521828125 0.75753670625 0.40563161406250003 0.7671755953125 0.40725396875 0.7706803078125 0.4137764546875 0.774508928125 0.418575728125 0.772126240625 0.420071759375 0.776990328125 0.424244046875 0.7782118062500001 0.42921627031250004 0.77563665625 0.43035879687499995 0.7732212296875 0.43133399531250005 0.7720220734375001 0.43133399531250005 0.7678645828125 0.42832903437500003 0.7633385421875001 0.4263958328125 0.762219990625 0.4255062828125 0.7580329859375 0.423023478125 0.7535615078125 0.42019212968749997 0.7492609125 0.415803571875 0.7463276296875 0.41545932499999993 0.7392433031250001 0.41532374375 0.7347204859375001 0.41356646875 0.7310677078125 0.41243022500000004 0.7243931046875 0.41046627031250005 0.7234938 0.40417394218749997 0.718709821875 0.400696759375 0.7184255953124999 0.3995211640625 0.7222341265625001 0.399795634375 0.7309744546875 0.40035648124999995 0.7356743546875 0.40166600468749997 0.74209920625
1 0.3843131609375 0.752930059375 0.38349470937499996 0.7495349703125 0.38284920625 0.7487896828125 0.379875 0.7495567953125 0.379875 0.7527470234375 0.3824709 0.75466790625 0.3843131609375 0.752930059375
1 0.3589986765625 0.7521666671875 0.359358796875 0.749829365625 0.357822090625 0.747393353125 0.3558088625 0.7483249015625 0.3558088625 0.7503080359375 0.3569811515625 0.7528162203125001 0.3589986765625 0.7521666671875
1 0.3656504625 0.7583365578125 0.3669454359375 0.7568070437500001 0.3669454359375 0.7540540671875 0.3645006609375 0.751265625 0.3624001328125 0.7523963296875 0.36233234062499997 0.7552775296875 0.363208003125 0.7579432046875 0.3656504625 0.7583365578125
1 0.4027658734375 0.7560362109375001 0.402289021875 0.7522708328125 0.3997675265625 0.7508802078125 0.39641302968750003 0.7546036703125 0.398083003125 0.757377728125 0.40104795 0.75793055625 0.4027658734375 0.7560362109375001
1 0.399075065625 0.7891173109375 0.40049702343750004 0.792805059375 0.40176455000000005 0.7972534718750001 0.40176455000000005 0.801140625 0.40170734062499996 0.8070409218749999 0.40248941875 0.810194940625 0.40320601875 0.81343675625 0.409145171875 0.8122165171875 0.41183101874999994 0.8095962296874999 0.41433564843750004 0.80786805625 0.41639087343750003 0.8110560515625 0.41907175937499996 0.8143779765625 0.42218948437500003 0.8132078375 0.42220006562499995 0.8051770828124999 0.4199239421875 0.7995203375 0.4180820109375 0.7989337796875 0.41810846562500004 0.7923380453125 0.415549934375 0.7898851687499999 0.41405357187499997 0.7892306546875 0.4133650796875 0.7857177578125001 0.41118518593750003 0.7835376984375 0.406185846875 0.782610615625 0.399075065625 0.781325396875 0.399075065625 0.784605903125 0.399075065625 0.7891173109375
1 0.406664021875 0.8193169640625 0.40340310781250005 0.82219766875 0.405608796875 0.8252105656250001 0.4080724203125 0.8225952375000001 0.406664021875 0.8193169640625
1 0.42342162656250004 0.8265570437499999 0.420492725 0.8206125984374999 0.4175687828125 0.82225 0.4191848546875 0.829642609375 0.42342162656250004 0.8300793656250001 0.42342162656250004 0.8265570437499999
1 0.38138194375 0.8454144343750001 0.38558068749999996 0.8443407734375 0.38558068749999996 0.8395039687500001 0.3829219578125 0.8359007937499999 0.3818148140625 0.8333328375000001 0.3756421953125 0.8345744046875 0.3756421953125 0.8387968750000001 0.3779844578125 0.8430954859374999 0.38138194375 0.8454144343750001
1 0.3867457015625 0.8501505453125 0.3843568125 0.8478043156249999 0.382138228125 0.8478043156249999 0.383126984375 0.85073834375 0.383373346875 0.8517795140625 0.3860849875 0.8517879468749999 0.3867457015625 0.8501505453125
1 0.40806679843750004 0.8528623515625 0.40469444374999997 0.8490362109375 0.401920634375 0.847209821875 0.4014642859375 0.8466736109375 0.39560813437500003 0.8480200890624999 0.3952463625 0.8516011906250001 0.40062466875 0.8568435015625001 0.40806679843750004 0.8528623515625
1 0.42777083281249995 0.8633799609375 0.4311567453125 0.86042881875 0.43141964218749995 0.8567490078125 0.4285472890625 0.8556830359375001 0.42587037031249997 0.852258184375 0.4226402109375 0.8533519343749999 0.4226402109375 0.856679315625 0.42480720937500005 0.861455853125 0.42777083281249995 0.8633799609375