1 0.41741435156250006 0.15459573437500002 0.41658961562499996 0.1586431046875 0.41658961562499996 0.167341021875 0.4127562828125 0.180167659375 0.4127562828125 0.185725446875 0.4127562828125 0.19267113125 0.4127562828125 0.2005419140625 0.4096577375 0.21116865156250003 0.4096577375 0.22107762968750003 0.4096577375 0.24175148750000003 0.41882473593749997 0.2305240578125 0.4211243390625 0.2226130953125 0.42249040937500004 0.21269171562500003 0.4255906078125 0.21926041718749997 0.43182308125 0.21707738124999998 0.43496031718749995 0.20710912656249997 0.43496031718749995 0.1982978671875 0.4353412703125 0.1879250984375 0.44044113749999997 0.18493700468750002 0.44044113749999997 0.1772415671875 0.4374530421875 0.1698387890625 0.4407800921875 0.1607544640625 0.4407800921875 0.154728421875 0.440115409375 0.14225247968750002 0.4385945765625 0.141087053125 0.43927579375 0.1339744546875 0.430744046875 0.13818055625 0.42605654687500005 0.1413963296875 0.4219527109375 0.1487936515625 0.41741435156250006 0.15459573437500002
1 0.439428571875 0.2443849203125 0.43931084687500005 0.2363276296875 0.4369193125 0.23648784687500002 0.4277099875 0.2387579359375 0.4301107796875 0.24611631875 0.43578703750000003 0.246558284375 0.439428571875 0.2443849203125
1 0.4102857140625 0.4026646828125 0.41656944375 0.402566715625 0.4185373671875 0.39819766875 0.4185373671875 0.3911733625 0.41674603125000004 0.385177828125 0.41146759218750006 0.3796530265625 0.40624074062500004 0.3857026296875 0.4042982796875 0.3904057546875 0.40495568750000005 0.39745213281249997 0.4102857140625 0.4026646828125
1 0.4213726859375 0.378678075 0.42418584687500005 0.37230704375 0.42315145468750004 0.367482390625 0.4201078046875 0.3650024796875 0.4165324078125 0.367410465625 0.41304001250000005 0.37022321406250003 0.4151038359375 0.37557266875 0.4213726859375 0.378678075
1 0.4503852515625 0.41617212343750004 0.45524735468750005 0.41154761874999995 0.45703141562500005 0.40294642812500003 0.45988888906250003 0.3963943453125 0.45825396874999996 0.3912576890625 0.4529441140625 0.38636954375 0.4504586640625 0.39727108125 0.44783134843749994 0.40541542656249996 0.4503852515625 0.41123685468750004 0.4503852515625 0.41617212343750004
1 0.47205489375000004 0.4433234125 0.47205489375000004 0.43634474218749997 0.46944080625 0.4270213296875 0.465957340625 0.4316540171875 0.465957340625 0.43869766875 0.46731216875000003 0.44619295625 0.47205489375000004 0.4433234125
1 0.414682209375 0.4773405265625 0.418119378125 0.47389930625 0.418119378125 0.4705647328125 0.412410053125 0.46484523749999995 0.4079289015625 0.46538640937500003 0.4059553578125 0.47327108124999995 0.408740740625 0.4773405265625 0.414682209375 0.4773405265625
1 0.44774669375 0.5683611109375 0.44944609843750005 0.5601354171875 0.45230158749999994 0.5524937999999999 0.44857705000000003 0.546697171875 0.44435185156249996 0.5495265375 0.4428088625 0.5545982140625 0.443968915625 0.564478175 0.44774669375 0.5683611109375
1 0.454369378125 0.7007115578125 0.45074239374999997 0.6949702375 0.44283664062500006 0.6985935015625 0.44362632343749997 0.7101068953125 0.4529404765625 0.709883184375 0.454369378125 0.7007115578125
1 0.402751653125 0.518554315625 0.3962175921875 0.5209154265625 0.3962175921875 0.5281401296875 0.40277943125000004 0.5319112109375 0.402751653125 0.518554315625
1 0.3327873671875 0.8544526296875 0.3327873671875 0.8669176593750001 0.337145503125 0.8732251984375001 0.337145503125 0.8826259921874999 0.3421091265625 0.8851307046875 0.342924603125 0.8758005953125 0.34404761875 0.868450396875 0.34461111093749996 0.8613735124999999 0.34641898125 0.85044146875 0.35019510625 0.8360143843750001 0.340507275 0.8368539187499999 0.340507275 0.8487760421875 0.3357791 0.8496376484375 0.3327873671875 0.8544526296875