1 0.2881683203125 0.1924479171875 0.2851960984375 0.2048328375 0.28491170625 0.22348983125 0.28491170625 0.23350396875 0.2884745375 0.23397519843749998 0.2951405421875 0.219578125 0.2973432546875 0.212865575 0.29885482812499997 0.22162723281250002 0.30481415312500004 0.217815228125 0.3082321421875 0.2055004953125 0.3082321421875 0.198351190625 0.31233101875 0.18965699375 0.31159755312500004 0.1819141859375 0.31159755312500004 0.175980159375 0.312314153125 0.1730654765625 0.31336441875 0.1618296125 0.31336441875 0.15445833281250002 0.31336441875 0.1436014390625 0.3042030421875 0.149853421875 0.2932714953125 0.1634126984375 0.29144146875 0.1711594734375 0.28976488125 0.18034375 0.2881683203125 0.1924479171875
1 0.30982705 0.2376775796875 0.3080995375 0.2328172125 0.3002675265625 0.2332755453125 0.3002675265625 0.2388405265625 0.30672056875 0.2405205859375 0.30982705 0.2376775796875
1 0.281420634375 0.3745062 0.28487268593750004 0.370778521875 0.2870618390625 0.3675778765625 0.2869629625 0.36291790625 0.2833713625 0.3589092265625 0.281069775 0.352971478125 0.2767549609375 0.35750247968750004 0.275064484375 0.3648623515625 0.27702215625000004 0.3724139390625 0.281420634375 0.3745062
1 0.2936646828125 0.34393923593750003 0.2902209 0.3415327375 0.2863756609375 0.3447740578125 0.2862754625 0.3519821421875 0.2905291 0.35225024843749997 0.2936646828125 0.34393923593750003
1 0.341854496875 0.3244389875 0.3433554890625 0.322636409375 0.3429054234375 0.319652034375 0.34123048906250003 0.3149962796875 0.33801289687499997 0.3195974703125 0.338976190625 0.3260453875 0.34060416718750003 0.3273759921875 0.341854496875 0.3244389875
1 0.31528935156250004 0.38566170624999996 0.315564484375 0.388257440625 0.3196772484375 0.381111359375 0.3200340609375 0.37900148749999996 0.320799934375 0.3782869546875 0.3221888234375 0.3751359125 0.32292625625000004 0.3701537703125 0.32171296250000003 0.3678963296875 0.3179110453125 0.363534721875 0.31696329375 0.36755208281249996 0.314634590625 0.375811259375 0.315180225 0.380671875 0.31528935156250004 0.38566170624999996
1 0.33621660000000003 0.37501686562500003 0.3372162703125 0.36628869062499997 0.3390327375 0.35954464218750004 0.3378945109375 0.3544015375 0.33580555625 0.357975446875 0.332866071875 0.3716334328125 0.3342751328125 0.376353421875 0.33621660000000003 0.37501686562500003
1 0.3264917328125 0.41031274843750004 0.328542659375 0.4125124015625 0.3310962296875 0.40936880000000003 0.33213558125 0.40394915625000005 0.33172949687500003 0.396613590625 0.32879365156249996 0.397154265625 0.32784589999999997 0.3976068953125 0.3255337296875 0.4015654765625 0.3264917328125 0.41031274843750004
1 0.282895503125 0.4388244046875 0.28588392812499996 0.4332681046875 0.28588392812499996 0.43176612031249995 0.2822506609375 0.42777083281249995 0.28141302968750004 0.427638640625 0.2758468921875 0.429680803125 0.27463260625 0.43349702343749996 0.2767929890625 0.43791889843750004 0.282895503125 0.4388244046875
1 0.30807539687499996 0.5155624999999999 0.31014715625 0.511762896875 0.31118055624999996 0.507882440625 0.3119550265625 0.5034298109375 0.311839946875 0.5019499015625 0.30985284375 0.499533234375 0.30613789687500004 0.5032837296875 0.3049259265625 0.5082110609375 0.3056630296875 0.5139940468749999 0.30807539687499996 0.5155624999999999
1 0.1976626984375 0.7774873515625 0.200281415625 0.7794250984375 0.1990254625 0.78614608125 0.199194775 0.791670634375 0.20303306875 0.7943444937499999 0.20695403437499998 0.791721478125 0.20695403437499998 0.7863953375 0.2077986109375 0.7813489578125 0.2083888890625 0.7746398812499999 0.209725859375 0.7642824906250001 0.20980125625 0.760423115625 0.21231051562499997 0.7552609125 0.212255290625 0.748476934375 0.207145171875 0.7485930062499999 0.2056388890625 0.75114608125 0.2051960984375 0.7569952875 0.202060515625 0.7607103171875 0.19830919375 0.7612068453124999 0.1973759921875 0.76531795625 0.1954183203125 0.77171949375 0.1976626984375 0.7774873515625
1 0.22826455 0.623706596875 0.22772156093749998 0.622699653125 0.2264222890625 0.6213333328124999 0.2224186515625 0.6243120046875 0.2224186515625 0.6301329359375 0.22826455 0.6293549109375001 0.22826455 0.623706596875
1 0.3066845234375 0.6399275796875 0.3072457015625 0.6337720734375 0.30535615156249996 0.629480159375 0.30331646874999996 0.6299568453125 0.301696759375 0.633525296875 0.30191534375 0.6399275796875 0.3066845234375 0.6399275796875
1 0.2714457671875 0.48071800624999994 0.26818220937500004 0.47595734062500006 0.26547222187499997 0.4806599703125 0.2663558203125 0.48623139843749996 0.2714457671875 0.48572495 0.2714457671875 0.48071800624999994