1 0.19607175937500002 0.1518328375 0.1885925921875 0.1555954859375 0.1948578046875 0.1608427578125 0.20087367656250002 0.1608427578125 0.19607175937500002 0.1518328375
1 0.2315062828125 0.169684771875 0.2296699734375 0.1647834828125 0.22583465625 0.156294890625 0.2184897484375 0.14758655781250002 0.2137179234375 0.1459508921875 0.20790112500000002 0.1503596234375 0.21016600468750002 0.156701140625 0.221237434375 0.164705853125 0.2315062828125 0.169684771875
1 0.271601190625 0.1687428078125 0.26299239375 0.1568075390625 0.2537824078125 0.1539970234375 0.251406415625 0.1561813 0.251406415625 0.16406547656249998 0.2592126328125 0.1700696921875 0.271601190625 0.1687428078125
1 0.2796795640625 0.15588988125 0.27695105781249996 0.154038690625 0.272055225 0.15789756875 0.2791263234375 0.16540228125 0.280464615625 0.162204365625 0.2796795640625 0.15588988125
1 0.3019847890625 0.1810153765625 0.301958003125 0.175259671875 0.2967288359375 0.1707876984375 0.291656415625 0.165803075 0.28341534375 0.165603421875 0.28512896875 0.17490203437500002 0.2947106484375 0.18125669687499998 0.3019847890625 0.1810153765625
1 0.2706630296875 0.209428075 0.2658167984375 0.2029397328125 0.26078670625 0.20341517812499998 0.261567790625 0.20982142812500001 0.2703568125 0.214408234375 0.2706630296875 0.209428075
1 0.2778452375 0.22285813437500002 0.27936574062499997 0.230334325 0.29201653437499997 0.240306546875 0.3042748015625 0.249985615625 0.3100747359375 0.2572390875 0.319855159375 0.25419742031250003 0.329597553125 0.2548278765625 0.32456944375 0.2483125 0.31552579375 0.23887599218750002 0.3060995375 0.2258278765625 0.296068121875 0.2161688984375 0.29433895468750004 0.22485863125 0.29037169375 0.228058284375 0.2821421953125 0.2231798109375 0.2778452375 0.22285813437500002
1 0.3050578703125 0.27159846249999997 0.30845271093750004 0.28163938437499997 0.32228306875 0.2915483625 0.333861771875 0.2974506453125 0.34800231406250004 0.3086247515625 0.358803240625 0.3217517359375 0.37645370312500004 0.3305749015625 0.3859259265625 0.330027778125 0.376920965625 0.31887971249999997 0.36652943125 0.30776016875 0.3585085984375 0.3011830359375 0.352049934375 0.295721478125 0.339353175 0.2817428078125 0.3313611109375 0.2698435015625 0.3193151453125 0.2700791171875 0.310980159375 0.2674655265625 0.30823082031250004 0.2683544140625 0.3050578703125 0.27159846249999997
1 0.35642691875 0.291430059375 0.354460978125 0.2852943953125 0.34986838593749997 0.282158978125 0.346200065625 0.2813189484375 0.346556546875 0.28565178593749996 0.347483465625 0.2882155265625 0.34834160000000003 0.289211309375 0.35642691875 0.291430059375
1 0.37509689218750003 0.28538244062499996 0.37080555625 0.28100347187499997 0.3673518515625 0.2791088796875 0.3660889546875 0.2827423109375 0.3683015875 0.28716468281249996 0.3769183203125 0.28834176562499997 0.37509689218750003 0.28538244062499996
1 0.3928442453125 0.2753365578125 0.3865324078125 0.2701200390625 0.3826038359375 0.2666897328125 0.3804828046875 0.269185515625 0.38714351874999997 0.27755530781250004 0.3910687828125 0.278857390625 0.3928442453125 0.2753365578125
1 0.44362962968749997 0.362334325 0.455380621875 0.368899553125 0.45798247343750004 0.3630235609375 0.4480449734375 0.34981497968749997 0.4437142859375 0.3477244546875 0.4394457671875 0.345340278125 0.4359050921875 0.3466510421875 0.43579199687500003 0.349912946875 0.4378300265625 0.3572026296875 0.44362962968749997 0.362334325
1 0.5331759265625 0.49327480156250003 0.532336309375 0.48705233124999997 0.5262919968750001 0.48131746093750005 0.5248244046874999 0.47898487031250003 0.5222791 0.4781927078125 0.5168373015625 0.4791572421875 0.5191445109374999 0.48346453437500003 0.528354496875 0.49343105156249994 0.5331759265625 0.49327480156250003
1 0.49671329374999995 0.433569196875 0.5049437828125 0.44379613124999995 0.5267291671875001 0.4655786203125 0.53337896875 0.47126909687499996 0.53844146875 0.4736795640625 0.5464510578125 0.47640079375 0.5485661375 0.4743313484375 0.5456775796875 0.4676450890625 0.5449417984375 0.46147916718750004 0.5384950390625 0.45156324375 0.5316329359374999 0.4445567953125 0.5285641531249999 0.44203645781249995 0.52112896875 0.4384637890625 0.5188687171875 0.43595858125 0.5143498671875 0.43585664687500003 0.5090171953125 0.4365153765625 0.5036292984374999 0.433569196875 0.49671329374999995 0.433569196875
1 0.5877744703125 0.562710565625 0.59464351875 0.5691994046875 0.5998779765625 0.5762872031249999 0.60526455 0.5769875984375 0.6136134265625001 0.5823702875000001 0.6185625 0.5812584328125 0.619755953125 0.5780974703124999 0.6193376328125 0.5716450890625 0.61393353125 0.5660957343749999 0.6105823406249999 0.56000868125 0.60367691875 0.552258928125 0.60062169375 0.550684771875 0.5932619046875 0.5509603171874999 0.5889179890625 0.55192881875 0.5877744703125 0.5555500984374999 0.5877744703125 0.562710565625
1 0.7213640875 0.6498489578125 0.7232929890625 0.655657490625 0.7331054890625001 0.6670334828125 0.7417357796874999 0.6697517359375 0.7489193125 0.6697517359375 0.7511541 0.6639541171875 0.7528045640625 0.6629623015624999 0.7539454359375 0.6625758921875 0.7456276453124999 0.654784721875 0.7386630296875001 0.6463841765625 0.7356240078125 0.6441874999999999 0.728273478125 0.642873015625 0.7247916671875 0.6468573906249999 0.721781084375 0.648315228125 0.7213640875 0.6498489578125