1 0.819115575 0.5988118390625 0.8107068453125 0.5909765218749999 0.8007177578125001 0.588101190625 0.8007177578125001 0.598476521875 0.8055763890625001 0.6085082671875 0.8137338796875 0.6091352515625 0.819115575 0.5988118390625
1 0.720342509375 0.5989017859375 0.725918403125 0.58868716875 0.7215505953125 0.5804841265625 0.713039434375 0.578464615625 0.7080235609375001 0.5724553578125 0.700612103125 0.5724553578125 0.700612103125 0.5797400796875001 0.705368303125 0.5908865734375001 0.720342509375 0.5989017859375
1 0.6342728171875 0.5499632937500001 0.6398040671875 0.5511660046875 0.6411125984375 0.549740409375 0.638878471875 0.54529034375 0.63573834375 0.5396812171875001 0.6327591765625 0.541375 0.6306453375000001 0.5415651453125 0.6306453375000001 0.5463670640625 0.6342728171875 0.5499632937500001
1 0.6006438484375 0.5026825390624999 0.59633506875 0.50347784375 0.5930734125 0.5039034390625 0.5962318953125 0.508447090625 0.6076408734375 0.513285384375 0.6205069437499999 0.5197341265625 0.627580109375 0.5248227515624999 0.6343869046874999 0.5247063484375001 0.640863590625 0.5212397484375 0.6361128468749999 0.5136550921875 0.6330243062500001 0.509240740625 0.6291979171875 0.5040836640624999 0.6253115078125 0.500806878125 0.620774553125 0.496953703125 0.6159404765625001 0.494847221875 0.6101314484375 0.49498313437499997 0.6038281249999999 0.4952695109375 0.6010181046875 0.49994246093749994 0.6006438484375 0.5026825390624999
1 0.5238266375 0.457105159375 0.5331356640625 0.45514484062499994 0.5336401296875 0.45225033124999997 0.53028670625 0.44565575468749996 0.52571006875 0.44099305624999996 0.519040178125 0.43886970937500003 0.5128229171875 0.439093584375 0.51259995 0.44701917968749993 0.518394840625 0.4558773140625 0.5238266375 0.457105159375
1 0.43898363125 0.3820744046875 0.434404265625 0.37953571406250003 0.43293402812500004 0.382027115625 0.43629042656249994 0.3869014546875 0.44244072343749996 0.3878244046875 0.44359920625000004 0.3879338625 0.4432251984375 0.38533829375 0.43898363125 0.3820744046875
1 0.43326884843749996 0.4125 0.437404265625 0.4125 0.43815699375 0.4081130953125 0.43481646874999996 0.4053981484375 0.4307326390625 0.40485714218749996 0.42956473281249996 0.4058333328125 0.42956473281249996 0.409920634375 0.43326884843749996 0.4125
1 0.4285141375 0.4306994046875 0.42636135937499997 0.42344179843749996 0.42269047656250003 0.4206207015625 0.41760094218750005 0.41958730156249996 0.41844518906249994 0.42758366406250004 0.4260627484375 0.430928240625 0.4285141375 0.4306994046875
1 0.3885615078125 0.42808002656250005 0.3858740078125 0.42876653437499995 0.3858740078125 0.4361359125 0.3901770828125 0.44348412656249997 0.3987266859375 0.45002909999999996 0.41686954375 0.45354034375 0.4266755953125 0.454055225 0.43314583281249996 0.453516534375 0.4460833328125 0.46308267187499996 0.45740922656249994 0.46534259218749996 0.4693616078125 0.46469576718749994 0.47058730156250006 0.4615578703125 0.46925719218750006 0.45729794999999995 0.4641768359375 0.4521696421875 0.45274578437499996 0.4454619703125 0.4484528765625 0.44235978906250006 0.4445275296875 0.44194179843750003 0.4379657734375 0.437413359375 0.4312931546875 0.43864351875 0.42506746093750003 0.434242725 0.41997495 0.4283422625 0.4090783734375 0.42253141562499996 0.3985017359375 0.41893419375 0.39527430625000004 0.4218908734375 0.394615575 0.4263571421875 0.3885615078125 0.42808002656250005
1 0.3663616078125 0.3875396828125 0.3574427078125 0.38016534375 0.34876165625 0.3754001328125 0.3405275296875 0.3718902109375 0.3378985609375 0.3784041 0.34360763906249997 0.3869328703125 0.3432475203125 0.390807209375 0.3352036203125 0.3901292984375 0.33142385937499996 0.3901292984375 0.33142385937499996 0.3936517859375 0.33267931562499997 0.3981554234375 0.3399583328125 0.40251620312499997 0.3524099703125 0.40840443125 0.3604166671875 0.41019411406249995 0.37148586250000004 0.413527446875 0.37655853125 0.41338194375 0.3780334828125 0.41202380937500005 0.3862638890625 0.40789451093749995 0.3867807546875 0.4007536375 0.3769084828125 0.3914077375 0.3663616078125 0.3875396828125
1 0.29158755 0.31297817499999997 0.29545709375 0.31479398125 0.303694940625 0.3191223546875 0.3127688484375 0.3208039015625 0.312698909375 0.3152291671875 0.3063415171875 0.307439484375 0.29851016874999997 0.30376388906249996 0.29206994062499997 0.3044381609375 0.2897966265625 0.3054417984375 0.2895483625 0.30680390156250004 0.29158755 0.31297817499999997
1 0.280892609375 0.3026408734375 0.28015005 0.29827380937500003 0.278450396875 0.2964404765625 0.27246255 0.2966693125 0.2739392359375 0.302023809375 0.280147321875 0.30772420624999997 0.280892609375 0.3026408734375
1 0.2743318453125 0.3311696421875 0.278980159375 0.33045337343750003 0.2809213796875 0.3250601859375 0.2767666171875 0.315994378125 0.269720734375 0.31254894218749996 0.2592991078125 0.310228175 0.2592991078125 0.315663359375 0.264865328125 0.3262417328125 0.2743318453125 0.3311696421875
1 0.3206485609375 0.38611673281250003 0.3162428078125 0.3782126328125 0.31406349218749996 0.37649239375 0.30759052656249997 0.3771478171875 0.3084330359375 0.38250992031250003 0.317957340625 0.3882013890625 0.3206485609375 0.38611673281250003
1 0.2544771828125 0.352617725 0.251351190625 0.343832671875 0.245818453125 0.3408465609375 0.237514384375 0.334555225 0.22663740156249998 0.3361574078125 0.2283201890625 0.34516600468749997 0.24186706406249997 0.35206812187500003 0.2544771828125 0.352617725
1 0.2256857640625 0.361953703125 0.22363368125 0.359213625 0.221232390625 0.356718584375 0.21615773749999997 0.3581438484375 0.21789186562500001 0.36429199687499997 0.22386408750000003 0.365914021875 0.2256857640625 0.361953703125