1 0.37729761875 0.354097221875 0.37729761875 0.3614828875 0.3739589953125 0.3712924109375 0.3728459 0.3806470734375 0.3724775125 0.390617559375 0.3741557546875 0.3946170640625 0.3800482796875 0.39415104218749997 0.38122751250000003 0.385384425 0.382215278125 0.376236359375 0.384435846875 0.3748231640625 0.38776851875 0.3824377484375 0.388214946875 0.3785411703125 0.3917754625 0.37661805625 0.3917754625 0.37359920625 0.392112434375 0.37125247968749997 0.393494046875 0.36644469218750003 0.391401125 0.36408829374999996 0.3915119046875 0.357814484375 0.394819775 0.35487946406250004 0.3947506609375 0.3512095734375 0.39398015937499997 0.3495627484375 0.3932807546875 0.34656324375 0.3932807546875 0.3427837296875 0.395126984375 0.33486111093750004 0.397240740625 0.33001413749999997 0.3947129625 0.324216765625 0.3947129625 0.31963640937500004 0.3922357796875 0.317490328125 0.3868349875 0.3215260421875 0.378020503125 0.330926090625 0.378321759375 0.3323861609375 0.378321759375 0.34381721249999997 0.37729761875 0.354097221875
1 0.4319047625 0.46654935468750003 0.4306147484375 0.4612103171875 0.4270985453125 0.4651143359375 0.4261107796875 0.4730540671875 0.4299460984375 0.4733911203125 0.4319047625 0.46654935468750003
1 0.3856851859375 0.48945957343749996 0.3830777109375 0.48567410781250003 0.37902017187500003 0.48831746093749995 0.37902017187500003 0.491445684375 0.3830806875 0.49431994062499995 0.3856851859375 0.48945957343749996
1 0.3765251328125 0.51166641875 0.3804047625 0.510209325 0.3826686515625 0.5077105656249999 0.38230522499999997 0.5026458328125 0.3801223546875 0.4994379953125 0.3773736765625 0.49695287656250003 0.3759976859375 0.49610466249999996 0.3719411375 0.4984875984375 0.3709236109375 0.5092135421874999 0.37370535781249997 0.51166641875 0.3765251328125 0.51166641875
1 0.407681878125 0.51667261875 0.407681878125 0.520027034375 0.40781316093750003 0.5235314984375 0.41098082031249994 0.5188623515625 0.412089946875 0.51624305625 0.41338690468749995 0.514576140625 0.4141107796875 0.5091299609375 0.41280125625 0.50684300625 0.41248214218749996 0.5032827375 0.4118263890625 0.49962624062499994 0.40970370312500004 0.5015228171875 0.4082162703125 0.5053422624999999 0.40608763281250004 0.5132197421875 0.407681878125 0.51667261875
1 0.42511805625 0.5138412703124999 0.4287271828125 0.50984920625 0.42897321406250005 0.5047006453125 0.429603175 0.4966733625 0.42512896875 0.49756175625 0.4246577375 0.5040146328125 0.4246577375 0.5112470234375001 0.42511805625 0.5138412703124999
1 0.42385681249999996 0.5407239578125 0.42385681249999996 0.536501984375 0.42229894218749997 0.5327810015625001 0.4205320765625 0.5320181046875 0.4175433203125 0.5381681546875 0.41767460312500004 0.5435099203125 0.4204570109375 0.5440575390625 0.42385681249999996 0.5407239578125
1 0.379056546875 0.568501984375 0.382174934375 0.5679915671875 0.382174934375 0.5618911203125 0.380549271875 0.5590657234374999 0.3764709 0.55994444375 0.374733465625 0.5625186015625 0.374733465625 0.5682849703125 0.379056546875 0.568501984375
1 0.4063267203125 0.6378258921875 0.4104623015625 0.6326227671875 0.4104623015625 0.6264392359375 0.4096276453125 0.6237338796875 0.4069695765625 0.6234389874999999 0.40441534375000004 0.6283067953125 0.40423577968749996 0.6340176093750001 0.4063267203125 0.6378258921875
1 0.32376653437499997 0.86846180625 0.3215267859375 0.8759640375 0.3222748015625 0.88701165625 0.325394840625 0.8931703875 0.3254811515625 0.9004126984375 0.3325324078125 0.9004126984375 0.3325324078125 0.8937256937500001 0.3325324078125 0.8833529265625 0.333414021875 0.8732016375 0.3361369046875 0.8634389875 0.3365324078125 0.8607162703125001 0.3317751328125 0.8581354171875001 0.32915079375 0.8590362109375 0.3267182546875 0.8664625499999999 0.32376653437499997 0.86846180625
1 0.40823941875 0.7438407734375 0.4064375 0.750528521875 0.4131643515625 0.750866071875 0.4131643515625 0.7464615578125 0.4120066140625 0.7432834828125 0.40823941875 0.7438407734375