1 0.679391865625 0.39477306562500003 0.663104828125 0.401694940625 0.652799603125 0.40530084375 0.6494335312499999 0.40896875 0.6406468249999999 0.4131259921875 0.6397162703125 0.422209325 0.65092691875 0.4193142359375 0.6782602515625 0.40542584374999996 0.6844603171875 0.40542584374999996 0.6761213625 0.41341914687500003 0.68130853125 0.41503893906249995 0.6937046953125 0.41091889843749996 0.6960562171875 0.4101232640625 0.7043356484375 0.4036681546875 0.7108743390625001 0.40169940468750004 0.7158392859375 0.40169940468750004 0.7265965609375 0.397180059375 0.7386517859375 0.38764434531249997 0.7470099203125 0.38627008906250004 0.7579699078125001 0.381648809375 0.7658088625 0.37511185468749997 0.7726792328125 0.3686537703125 0.766810515625 0.3686537703125 0.7592566140625 0.3686537703125 0.74992989375 0.36649975156250003 0.72891898125 0.3750443953125 0.7085 0.38347271875 0.679391865625 0.39477306562500003
1 0.47394345312499997 0.505564484375 0.47572519843750005 0.5083643359375001 0.4774295640625 0.51117113125 0.4873505296875 0.5081517859375 0.493866071875 0.5054228671875001 0.49516600468750005 0.49941493125 0.49233333281249997 0.49555654687499995 0.48273148125 0.49853794687499997 0.47773148125000003 0.5007842265625 0.47394345312499997 0.5030952375 0.47394345312499997 0.505564484375
1 0.6644656078125 0.43044146874999994 0.661950728125 0.4254533734375 0.6550320765625 0.4256116078125 0.6521504625000001 0.4304342765625 0.65812466875 0.433740575 0.6644656078125 0.43044146874999994
1 0.504612103125 0.4980044640625 0.5067179234375 0.5001703875 0.5133167984375 0.4977400796875 0.51650694375 0.49344122031250004 0.512108134375 0.4935887890625 0.5091177250000001 0.4935887890625 0.50494874375 0.49501116093749997 0.504612103125 0.4980044640625
1 0.3970400125 0.5576986609375 0.4022731484375 0.5551470734375 0.4054880953125 0.552758184375 0.40309722187499997 0.5470798609374999 0.39366765937500003 0.5492279265625 0.390588625 0.5518650796875 0.3917549609375 0.5564811515625 0.3970400125 0.5576986609375
1 0.481209325 0.540537946875 0.4808392859375 0.5452544640625 0.4957910046875 0.5406200390625 0.506251984375 0.5375962296875 0.5088151453124999 0.5350096718749999 0.5166626984375 0.52852579375 0.5159632937499999 0.5277986109375 0.5111276453125 0.5280577875 0.5059808203125 0.5282993546875 0.49705853125 0.531660465625 0.49308829374999996 0.534228175 0.490152778125 0.5369568453125 0.481209325 0.540537946875
1 0.46077678593750004 0.572090278125 0.46510284375 0.572090278125 0.47100363749999996 0.570585565625 0.4754074078125 0.567498759375 0.4762089953125 0.562293403125 0.464729828125 0.5638020828125 0.46058333281249997 0.5667517359375001 0.45618253906249995 0.5709499015625 0.46077678593750004 0.572090278125
1 0.5188640875 0.5489317953125 0.5287013890625001 0.544495784375 0.5335932546875 0.542210565625 0.5346074734374999 0.5402485125 0.5322417328125 0.5400438984375 0.5275522484375 0.540589534375 0.5240419968750001 0.5425213296875 0.5099361765625 0.5489836312499999 0.507111771875 0.550835565625 0.5093462296875 0.55195709375 0.5188640875 0.5489317953125
1 0.5802199078125 0.519491071875 0.5857281750000001 0.5167641374999999 0.5874047625000001 0.514849703125 0.584722553125 0.514680059375 0.5818703703125 0.5127557046875 0.5812268515625 0.512871528125 0.57554761875 0.51472743125 0.5722457015625 0.518319940625 0.5734589953125 0.5201525296875 0.5802199078125 0.519491071875
1 0.330509259375 0.5806560015625 0.3337946421875 0.578527778125 0.3315879625 0.5763400296875 0.3254914015625 0.579203125 0.3234768515625 0.580858134375 0.32468419375 0.5818271328125 0.330509259375 0.5806560015625
1 0.315277778125 0.6339541171875 0.326526125 0.6304816468750001 0.33543088593750003 0.6262579359375 0.3351937828125 0.62404141875 0.33299371718750004 0.621830109375 0.32897784375 0.622133928125 0.3244388234375 0.6238276296875 0.31484722187499997 0.6275610125 0.3115267859375 0.63083978125 0.30938062187500004 0.6335002484375 0.315277778125 0.6339541171875
1 0.16071924531249998 0.7234459328125 0.15619444375 0.7199032734374999 0.14606216875 0.723619046875 0.1469077375 0.728 0.15718981406250002 0.7264253468749999 0.16071924531249998 0.7234459328125