1 0.61937830625 0.5741567453124999 0.6197089953125 0.578125 0.6180555562500001 0.580605159375 0.6180555562500001 0.5830853171875 0.6207010578125 0.588045634375 0.6266534390625 0.5917658734375 0.6292989421875 0.5925099203124999 0.6329365078125 0.59325396875 0.640542328125 0.5927579359374999 0.6458333328125 0.581597221875 0.6507936515625 0.577876984375 0.6471560843749999 0.5744047625 0.64351851875 0.5739087296875 0.6395502640624999 0.5709325390625 0.6329365078125 0.5677083328125 0.6200396828125 0.56572420625 0.61937830625 0.56572420625 0.61871693125 0.5677083328125 0.621362434375 0.5699404765625 0.621693121875 0.5716765875 0.61937830625 0.5741567453124999
1 0.7271825390625 0.64112103125 0.7374338625 0.6448412703125 0.7450396828125 0.6455853171875 0.746362434375 0.6445932546875001 0.7490079359374999 0.640376984375 0.747023809375 0.6361607140625 0.7423941796875 0.6321924609375 0.733796296875 0.627480159375 0.73082010625 0.6267361109375 0.7235449734375 0.627480159375 0.7205687828125 0.6264880953125 0.7202380953125 0.6264880953125 0.7169312171875 0.6302083328125 0.7169312171875 0.6334325390625 0.7199074078125001 0.6369047625 0.7271825390625 0.64112103125
1 0.497354496875 0.5855654765625 0.502976190625 0.5897817453124999 0.515542328125 0.594494046875 0.5297619046875 0.597222221875 0.5330687828125 0.5992063484375 0.5429894187500001 0.6014384921875 0.55654761875 0.606646825 0.5608465609375 0.606646825 0.561838625 0.605902778125 0.558862434375 0.6021825390625 0.546957671875 0.594494046875 0.5386904765625 0.5870535718750001 0.5294312171875 0.581101190625 0.515542328125 0.574652778125 0.50562169375 0.572420634375 0.4947089953125 0.5674603171875 0.48809523749999995 0.5672123015625 0.48776454999999996 0.5669642859375 0.484788359375 0.5677083328125 0.484788359375 0.5709325390625 0.49404761875 0.580605159375 0.497354496875 0.5855654765625
1 0.8928571421875 0.7413194437499999 0.9044312171875 0.7462797625 0.9107142859374999 0.7450396828125 0.9130290999999999 0.7413194437499999 0.9117063484375001 0.7388392859375 0.9041005296875 0.7321428578125 0.8978174609374999 0.7296626984375 0.896164021875 0.7296626984375 0.890542328125 0.7304067453124999 0.8888888890625 0.7333829359374999 0.8895502640625 0.73759920625 0.8928571421875 0.7413194437499999
1 0.9510582015625 0.7415674609375 0.95634920625 0.7418154765625 0.9580026453125001 0.7390873015625 0.9570105812499999 0.73487103125 0.953042328125 0.7323908734375 0.9464285718750001 0.731398809375 0.9460978843750001 0.73115079375 0.9414682546875 0.734126984375 0.9427910046875001 0.73759920625 0.9451058203124999 0.7393353171875 0.9510582015625 0.7415674609375
1 0.952380953125 0.7765376984375 0.9669312171875 0.781498015625 0.9705687828125 0.78125 0.971891534375 0.7797619046875 0.971560846875 0.7775297625 0.9699074078125 0.7760416671875 0.9705687828125 0.7720734125 0.96891534375 0.7703373015625 0.9672619046875001 0.765873015625 0.9599867718749999 0.7614087296875 0.9477513234374999 0.7609126984375 0.9457671953125001 0.7609126984375 0.9424603171875001 0.762648809375 0.9384920640625 0.762152778125 0.9394841265625 0.768601190625 0.952380953125 0.7765376984375
1 0.9791666671874999 0.7757936515625 0.984126984375 0.778769840625 0.9917328046874999 0.781001984375 0.9947089953124999 0.7832341265625 0.9996693125 0.784722221875 0.9996693125 0.7566964281249999 0.9910714281249999 0.7564484125 0.9775132281250001 0.7509920640625001 0.9755290999999999 0.7509920640625001 0.9728835984374999 0.7517361109375 0.9768518515625001 0.7552083328125 0.9761904765624999 0.7693452375 0.9791666671874999 0.7757936515625
1 0.3449074078125 0.5223214281249999 0.359126984375 0.5290178578125 0.3630952375 0.5295138890625 0.3677248671875 0.53125 0.3697089953125 0.5329861109375 0.3736772484375 0.5334821421875 0.3799603171875 0.536954365625 0.383597884375 0.5364583328125 0.3769841265625 0.5300099203124999 0.374338625 0.521825396875 0.36937830625 0.515376984375 0.3630952375 0.5111607140625 0.359126984375 0.50967261875 0.3515211640625 0.5091765875 0.34975760624999996 0.5091765875 0.340608465625 0.5101686515625 0.3363095234375 0.5119047625 0.3373015875 0.515625 0.3449074078125 0.5223214281249999
1 0.49404761875 0.60615079375 0.5016534390625 0.6078869046875 0.5046296296875 0.606894840625 0.50562169375 0.6049107140625 0.502976190625 0.599950396875 0.4983465609375 0.596726190625 0.49619709062500006 0.596726190625 0.49404761875 0.596726190625 0.4897486765625 0.5984623015625 0.4897486765625 0.6026785718750001 0.49404761875 0.60615079375
1 0.389880953125 0.48115079375 0.4014550265625 0.48115079375 0.4074074078125 0.4828869046875 0.4110449734375 0.4853670640625 0.415013228125 0.48487103125 0.4126984125 0.48239087343750003 0.4050925921875 0.47718253906249997 0.403108465625 0.4766865078125 0.400132275 0.4739583328125 0.39351851875 0.47197420625 0.390542328125 0.4702380953125 0.3802910046875 0.46825396875 0.37830687812499997 0.46825396875 0.3769841265625 0.4702380953125 0.37929894218750004 0.471726190625 0.3822751328125 0.47718253906249997 0.389880953125 0.48115079375
1 0.2728174609375 0.40426587343750003 0.271164021875 0.40625 0.271164021875 0.40848214218749995 0.2748015875 0.41493055625 0.2794312171875 0.41741071406249997 0.283730159375 0.41840277812500004 0.2886904765625 0.4171626984375 0.2896825390625 0.41468253906249997 0.29398148125 0.41468253906249997 0.29398148125 0.4112103171875 0.284060846875 0.406498015625 0.28108465625 0.40426587343750003 0.2764550265625 0.40277777812500004 0.26884920625 0.3978174609375 0.26884920625 0.39756944375000003 0.265542328125 0.3985615078125 0.26521164062499997 0.4010416671875 0.26884920625 0.403769840625 0.2728174609375 0.40426587343750003
1 0.334656084375 0.446924603125 0.3419312171875 0.4481646828125 0.34358465625 0.44593253906249997 0.3389550265625 0.4389880953125 0.328373015625 0.43328372968749995 0.328042328125 0.43328372968749995 0.321759259375 0.4392361109375 0.3260582015625 0.4427083328125 0.33002645468749997 0.4439484125 0.334656084375 0.446924603125