1 0.272163359375 0.3506374015625 0.2748958328125 0.3548901296875 0.276954034375 0.35944469218749997 0.2786263234375 0.3615424109375 0.2789933859375 0.3666708828125 0.282241071875 0.36999231093749996 0.287906084375 0.3766294640625 0.2908482140625 0.3815915171875 0.2932172625 0.3874766859375 0.29767295 0.3977822421875 0.30334457656249997 0.410954365625 0.3061025125 0.41905332343749996 0.31154398125 0.426967509375 0.31498941875 0.416022321875 0.311348875 0.4066842765625 0.3072013890625 0.39692261875 0.3132969578125 0.400482390625 0.313915675 0.3957078375 0.31147023749999997 0.3855939984375 0.310144840625 0.380665178125 0.3048459 0.37478397812500003 0.3047328046875 0.3690024796875 0.303060846875 0.36226661718750003 0.299584325 0.3600146328125 0.2936772484375 0.350759425 0.29164715625 0.34287946406250003 0.28256779062500004 0.3300927578125 0.2779252640625 0.32570982187499997 0.2724219578125 0.334751240625 0.269314153125 0.3412631453125 0.272163359375 0.3452021328125 0.272163359375 0.3506374015625
1 0.3315674609375 0.411441715625 0.3266259921875 0.4080627484375 0.3251071421875 0.4086225203125 0.32448048906250004 0.41202380937500005 0.3274735453125 0.41693749999999996 0.3317490078125 0.41547743125 0.3315674609375 0.411441715625
1 0.411540675 0.48517286718749997 0.411540675 0.481955109375 0.41046693124999994 0.47838045625000003 0.40776157343749997 0.4765540671875 0.40482605781250003 0.4770404265625 0.40609755312500007 0.4820560515625 0.4091107796875 0.486943453125 0.411540675 0.48517286718749997
1 0.38168716874999997 0.53640699375 0.382641203125 0.5318616078125 0.3797324734375 0.5250329859375 0.3736666671875 0.5204642859375 0.37104067500000004 0.524743303125 0.3711349203125 0.5302735609375 0.3757384265625 0.5359166671875 0.38168716874999997 0.53640699375
1 0.41357605781249995 0.536841765625 0.4166498015625 0.53765699375 0.416571759375 0.5320602671875 0.416571759375 0.527706596875 0.41433465625 0.523428571875 0.41116534375 0.5199377484375 0.40901686562500006 0.5151388890625 0.40776157343749997 0.515040178125 0.4060879625 0.5171984125 0.4060879625 0.524120784375 0.40953340000000005 0.530676090625 0.41357605781249995 0.536841765625
1 0.3786349203125 0.5138000984375 0.3738683859375 0.5099337796875 0.3715922625 0.51209995 0.372630953125 0.5161872515625 0.3759791671875 0.5179893359375 0.3786349203125 0.5138000984375
1 0.429666996875 0.5271498015625 0.43046064843750004 0.5236636906250001 0.4299709 0.5198943453125 0.42874007968749994 0.5146728671874999 0.42670337343750003 0.5114241078124999 0.4230912703125 0.5109739578125 0.423858134375 0.5188883921875 0.42749305625 0.52359920625 0.429666996875 0.5271498015625
1 0.4110009921875 0.5859561015625 0.41490509218750005 0.5837869546875 0.41437896875 0.580263640625 0.41228571406250003 0.5792435515625 0.40962896875 0.57794915625 0.4050522484375 0.5791455859375 0.4052311515625 0.5836577375 0.4110009921875 0.5859561015625
1 0.43883498750000005 0.5558861609375 0.44034722187500003 0.554118303125 0.442251984375 0.55171800625 0.4409821421875 0.5467477671875 0.437723875 0.5442274312500001 0.43510185156250003 0.544271825 0.4330502640625 0.5487606640625 0.433648809375 0.5526150796875 0.43883498750000005 0.5558861609375
1 0.47056481406249995 0.6342936515625001 0.4704143515625 0.629959078125 0.46630853125 0.6235240578125001 0.46328968281250005 0.624340278125 0.46337830625 0.629162203125 0.4669917328125 0.63388194375 0.47056481406249995 0.6342936515625001
1 0.42499470937500006 0.6203407734375 0.423259259375 0.6147420640625 0.41964715625000004 0.616371528125 0.42149173281249996 0.62183506875 0.4233468921875 0.6231981640625001 0.42499470937500006 0.6203407734375
1 0.4595443125 0.727134671875 0.45783862500000005 0.7259067453125 0.4565429890625 0.72832415625 0.45843849218750005 0.7329037703125 0.460935515625 0.731285465625 0.4595443125 0.727134671875
1 0.5219804890625 0.71900545625 0.52152579375 0.7147626484375 0.518656415625 0.7126356640625 0.5152162703125 0.7128727671874999 0.51579761875 0.7164345234375 0.5184920640625 0.719481646875 0.5219804890625 0.71900545625
1 0.4954702375 0.817555059375 0.49682374375 0.8230597718749999 0.5003495375 0.82587896875 0.5042294968750001 0.8286021828125 0.5068029093749999 0.8322353671875 0.51163260625 0.829051090625 0.50763955 0.8246287203125 0.5053918656249999 0.817970734375 0.50212533125 0.8138874015625 0.4998115078125 0.8083209328125 0.495714946875 0.8083311015625 0.495714946875 0.8150354656250001 0.4954702375 0.817555059375