1 0.500700065625 0.23530853125 0.4993998015625 0.23179216249999998 0.4975340609375 0.23053447343750003 0.49571197031249997 0.230822171875 0.49571197031249997 0.23416418593750002 0.498490740625 0.236575396875 0.500700065625 0.23530853125
1 0.5214070765625001 0.25005778749999996 0.524069775 0.2544389875 0.5262361109375 0.24528497031250002 0.5225327375 0.2357075890625 0.5222321421875 0.233173859375 0.5169216265625 0.2303149796875 0.5133981484375 0.23328075468749998 0.5142929890625 0.23973511875 0.51774669375 0.24639136874999998 0.5214070765625001 0.25005778749999996
1 0.553869709375 0.2654813984375 0.5612103171875 0.2646810515625 0.5612103171875 0.2579389875 0.5591924609375 0.251629215625 0.5558587968750001 0.24775124062499998 0.5530142203125 0.245131696875 0.5482857140624999 0.2479846234375 0.548339946875 0.2547477671875 0.5505264546874999 0.261605159375 0.553869709375 0.2654813984375
1 0.5755006609375 0.2571326890625 0.574343915625 0.2539107140625 0.571358796875 0.251339534375 0.5697638890625 0.25460689531249997 0.5703098546875001 0.25986582343750003 0.5733667328125 0.2611922125 0.5755006609375 0.2571326890625
1 0.5778941796875 0.283323909375 0.58077215625 0.2863754953125 0.5863078703125 0.2826483140625 0.5863078703125 0.2776061515625 0.5843855812500001 0.2721297125 0.5820410046875 0.2710803578125 0.57875694375 0.26848759843750003 0.578402115625 0.266329365625 0.5776226859375 0.265265625 0.57586011875 0.2663896328125 0.5753687171874999 0.2717390875 0.5756597218749999 0.2764087296875 0.5778941796875 0.283323909375
1 0.5396021828124999 0.3080786203125 0.53978306875 0.305438740625 0.53978306875 0.30248288749999996 0.5392787703125 0.30018105156249997 0.5375783734375 0.2983189484375 0.5351881609375 0.2974637890625 0.53467625625 0.30121006875 0.536446428125 0.3069685015625 0.5396021828124999 0.3080786203125
1 0.5470763890625 0.323150296875 0.545751653125 0.32247122968749997 0.54268353125 0.31970882968750003 0.5401134265625 0.3189997515625 0.5386164015625 0.3203759921875 0.5387500000000001 0.324607390625 0.5399133593750001 0.3328169640625 0.5438316796875 0.33885838281249997 0.54587830625 0.3438970734375 0.548604828125 0.34736483125 0.55094510625 0.35596255 0.55379398125 0.356179315625 0.5579656078124999 0.3654920640625 0.558023478125 0.3652415671875 0.5603234125000001 0.361959325 0.5621656749999999 0.36140699375 0.5674523812500001 0.3653204359375 0.57243783125 0.3647814984375 0.571976521875 0.356314484375 0.5695558859375 0.34946279687500004 0.5667060187499999 0.3380615078125 0.5653306875 0.327523065625 0.5618657406249999 0.3192068453125 0.557277115625 0.3191091265625 0.554068121875 0.324515625 0.5522166000000001 0.32663516875 0.54836805625 0.32850372031249997 0.5470763890625 0.323150296875
1 0.5560535718749999 0.3068236609375 0.5552166 0.30175074375 0.5526560843749999 0.3050689484375 0.553119046875 0.3078033234375 0.5560535718749999 0.3101498015625 0.5560535718749999 0.3068236609375
1 0.543843915625 0.3844037703125 0.545854828125 0.3903625984375 0.5496666671875 0.3963963296875 0.552902446875 0.403707340625 0.558277778125 0.4130696921875 0.562035384375 0.41656894843750003 0.56460284375 0.4208075390625 0.5664659390625 0.4308482140625 0.57013260625 0.440476190625 0.5760968921875 0.4486287203125 0.5829199734375 0.45209399843750003 0.585200065625 0.4508767359375 0.5851772484375 0.4415104171875 0.581228175 0.4296049109375 0.581858134375 0.42528521875 0.579259259375 0.4231170640625 0.579367725 0.41941865156249997 0.5728336640625 0.41196949375 0.5723829359375 0.401853175 0.570586309375 0.391211309375 0.5662681875 0.37865004999999996 0.5609517203125 0.37729786718749997 0.5576984125 0.37828745 0.555822090625 0.3752857140625 0.551819775 0.37259077343749997 0.5461405421875 0.37195486093749996 0.5427533062500001 0.376337053125 0.543843915625 0.3844037703125
1 0.5801018515624999 0.4044275796875 0.5797837296874999 0.39824255937499997 0.5780000000000001 0.3970563 0.5771752640625001 0.3966401296875 0.5741312828125 0.3990540671875 0.575534721875 0.40643130000000005 0.5780803578125 0.4073075390625 0.5801018515624999 0.4044275796875
1 0.600512896875 0.40633358125 0.5990962296875 0.401554315625 0.59574305625 0.3989890875 0.5943544968750001 0.40591542656249996 0.596005290625 0.40891195468749997 0.599884590625 0.40926636875 0.600512896875 0.40633358125
1 0.6201127640624999 0.40182118125 0.620027115625 0.3970334828125 0.6189034390625 0.393947171875 0.617839946875 0.3930124015625 0.614214946875 0.3963439984375 0.6144203046875 0.4009186515625 0.6179709 0.40323214218750003 0.6201127640624999 0.40182118125
1 0.631042328125 0.5030947421875 0.6396114421875 0.5050897812499999 0.641486771875 0.4996959328125 0.6374513890625 0.48732961250000006 0.633491071875 0.48313194375 0.62837533125 0.4830079359375 0.625700396875 0.48582415624999997 0.6252513234375 0.49165600156249994 0.62643716875 0.49946329375 0.631042328125 0.5030947421875
1 0.6466977515625 0.6492467765625001 0.64741170625 0.6444221234375 0.6466481484375 0.637090278125 0.6445122359375001 0.6323759921875001 0.6379695765625 0.6323688 0.6379695765625 0.640451140625 0.6409844578125 0.648372271875 0.6466977515625 0.6492467765625001
1 0.642274140625 0.58581795625 0.6458459000000001 0.593459325 0.64843783125 0.5999615578124999 0.6500972218750001 0.6059389875 0.65249239375 0.6143588796875 0.6564232796875 0.623582340625 0.6619880953124999 0.63321949375 0.669476190625 0.637415921875 0.6691170640624999 0.6262720734375 0.6734715609374999 0.6214588296875 0.6708796296874999 0.6122504953125001 0.6696213625 0.6039575890625 0.6670433203125 0.600415675 0.665740409375 0.5969330359375 0.6626431875 0.5905592765625001 0.6577847218749999 0.5877048609375 0.656211640625 0.587394840625 0.6518082015625 0.5875220734375 0.647369046875 0.5860466265625 0.6426038359375 0.5821326890625 0.642274140625 0.58581795625
1 0.6727480156250001 0.71538665625 0.6709074078125 0.7125404265624999 0.6703125 0.7112755453124999 0.6683935187500001 0.714107390625 0.6709880953125 0.71975694375 0.6727480156250001 0.7182123015624999 0.6727480156250001 0.71538665625
1 0.6654484125 0.7404290671875 0.6690165343750001 0.748695684375 0.6723816140625 0.7544298109375001 0.6763273812499999 0.7578556546875 0.683240409375 0.761844990625 0.6882896828125 0.76003819375 0.6888928578125 0.75142881875 0.686766534375 0.744846478125 0.685424271875 0.741868303125 0.6863574734375 0.737127728125 0.6859057546875 0.7325773812499999 0.6842542984375 0.7273125 0.6782936515625 0.722946925 0.6723406078124999 0.7221093749999999 0.66911011875 0.7244771828125 0.6673981484375 0.7283407734375 0.6646610453124999 0.73477505 0.6654484125 0.7404290671875
1 0.7446858468750001 0.8690153765625 0.7515327375 0.880665178125 0.7617718250000001 0.8835091765625 0.767084325 0.8784126984375 0.7714282406249999 0.8764608140625001 0.7641977515625 0.8586567453124999 0.7636183859375001 0.8527713296874999 0.7623111765624999 0.8519094734375001 0.7565777109375 0.85181646875 0.7499494046875 0.8538467265625 0.74412830625 0.8553529265625001 0.7446858468750001 0.8690153765625