1 0.19865806875 0.3203298609375 0.21903075468750002 0.3614268359375 0.233380953125 0.3794203875 0.2365816796875 0.3692626484375 0.2365816796875 0.362892609375 0.23047321406250001 0.3493802078125 0.2398974875 0.3516016859375 0.2386765875 0.3428834328125 0.22508829375 0.3252078375 0.22508829375 0.3173529265625 0.21664914062500001 0.3054546125 0.211943121875 0.2948591265625 0.20228306875 0.2817604171875 0.18794874374999998 0.268996528125 0.183641534375 0.263831596875 0.1738058859375 0.271947171875 0.174194775 0.28286507968749997 0.1804659390625 0.2958013390625 0.19865806875 0.3203298609375
1 0.39752149531250003 0.46203893906250004 0.39630555625 0.45574206406249995 0.39266898125 0.45265575468749997 0.386055225 0.44624875937499997 0.3842318125 0.4512795140625 0.3891359125 0.46058506875000005 0.3964857796875 0.465740328125 0.39752149531250003 0.46203893906250004
1 0.35219312187499996 0.515376240625 0.3511494703125 0.51014930625 0.347266203125 0.5073799609375 0.34256944375 0.507504215625 0.34233730156250003 0.5131922125 0.347214615625 0.5165798609375 0.35219312187499996 0.515376240625
1 0.362935515625 0.544881696875 0.3636001984375 0.537169890625 0.3612724875 0.5319399796875001 0.351866071875 0.5269508921875 0.34190443125000003 0.5273392859375 0.3444332015625 0.536296875 0.353365409375 0.544881696875 0.362935515625 0.544881696875
1 0.40838988125000003 0.5362502484375 0.410891865625 0.5436391375 0.415450065625 0.5447807546875 0.41485780468750005 0.5346535218749999 0.41369808125 0.5264990078125 0.40997850468749997 0.5200513390625 0.4068078703125 0.5200513390625 0.39975396875 0.5113563984375 0.3953445765625 0.5110238093749999 0.39571759218749997 0.5191458328125 0.4018518515625 0.5288955859375 0.40838988125000003 0.5362502484375
1 0.4334222890625 0.521927828125 0.4336107796875 0.5182683531250001 0.4283981484375 0.5059169140625001 0.4270228171875 0.5022447921875 0.4220214953125 0.49584871093749994 0.41757704999999995 0.4991088796875 0.42043915312499996 0.5043603671875 0.42595204999999997 0.5131036703125 0.4334222890625 0.521927828125
1 0.45309259218750003 0.5689712296875 0.45502480156249997 0.56532415625 0.45756812187499996 0.5605012406250001 0.455536375 0.5528127484375001 0.4503505296875 0.5502234625 0.4458792984375 0.5455528281250001 0.44332374375 0.54932415625 0.445351190625 0.5573278765625 0.449751984375 0.5635208328125 0.45309259218750003 0.5689712296875
1 0.42217890156250004 0.6209709828125 0.42217890156250004 0.6138494546875 0.4192070109375 0.6089161703125 0.41724966874999997 0.6071860124999999 0.4070085984375 0.611575396875 0.407714946875 0.618805803125 0.417090278125 0.6218129953125 0.42217890156250004 0.6209709828125
1 0.5147189156249999 0.693539434375 0.525351521875 0.6998194437499999 0.525351521875 0.6961123515625001 0.5240925921875 0.68803993125 0.52137896875 0.6849317953125 0.5178928578125 0.6784771828125 0.512036375 0.6786354171875 0.510944775 0.6816515375 0.510944775 0.6865987109375 0.5147189156249999 0.693539434375
1 0.44965674531250005 0.6750744046875 0.44624239374999997 0.671877728125 0.44329133593750003 0.6756661703125 0.4466207015625 0.68321180625 0.44965674531250005 0.6827393359375 0.44965674531250005 0.6750744046875
1 0.634464946875 0.8442333828124999 0.63736045 0.8426460812500001 0.633759590625 0.834137896875 0.6301865078125 0.8302624015625 0.6259375 0.8308970734375001 0.6249014546875 0.8329263390625 0.628134259375 0.8418494546874999 0.634464946875 0.8442333828124999
1 0.5408627640625 0.8758072921875 0.5404897484375 0.8716545140624999 0.5363568125 0.8675324906249999 0.5333958328125 0.8657733140625 0.5313974875 0.8677767859375001 0.5331388890625 0.8760701890625 0.53743055625 0.8787351187500001 0.5408627640625 0.8758072921875