1 0.0434090609375 0.191530009375 0.0441402109375 0.1925267859375 0.044937500000000005 0.19287549531249998 0.0464546953125 0.1929484125 0.0492364421875 0.19233506875 0.0501974203125 0.19115724218750002 0.0509864421875 0.1898095234375 0.050918981249999995 0.18878124999999998 0.0484163359375 0.18627256875 0.045197090625000005 0.18638442500000002 0.043479828124999995 0.18839856093750001 0.043209987500000005 0.1897442953125 0.0434090609375 0.191530009375
1 0.162089946875 0.177092509375 0.1612800921875 0.17643601250000002 0.1597344578125 0.1751770828125 0.1580618390625 0.1737495046875 0.1570509265625 0.17299280781249998 0.1560396828125 0.17243675625 0.154693453125 0.1721837796875 0.15455853125000002 0.1729811515625 0.1555502640625 0.1746173109375 0.1564804890625 0.1759630453125 0.15724206406250002 0.1774290671875 0.1578707015625 0.179065228125 0.15829497343750001 0.18128273749999999 0.15854662656250001 0.1842313984375 0.1583442453125 0.18549801562499998 0.158178571875 0.1870138890625 0.15851058125 0.18776140937500002 0.15964054218749998 0.1885091765625 0.16112466875 0.1891899796875 0.16268088593750002 0.1902095734375 0.164729496875 0.19169866093750002 0.1659255953125 0.1926455859375 0.1685446421875 0.194486359375 0.1704993390625 0.195530009375 0.1721881609375 0.1963005953125 0.1755320765625 0.1968908734375 0.1785734125 0.19671602187499998 0.17981646874999999 0.195241815625 0.178444775 0.193220734375 0.177041996875 0.191822171875 0.1756660046875 0.1904427078125 0.1736570765625 0.1888127484375 0.17264715625 0.18775545625 0.17083664062499998 0.18607390937499999 0.16982672031249998 0.18521750937499998 0.1671276453125 0.182994046875 0.16565773749999999 0.1807703375 0.1646474875 0.17961185468750002 0.16269510625 0.1775969734375 0.162089946875 0.177092509375
1 0.2961755953125 0.3833454859375 0.29420172031249997 0.38267733125 0.2929252640625 0.38358506875 0.2923852515625 0.3862053578125 0.2925800265625 0.388283234375 0.2932103171875 0.3905803578125 0.29360019843749996 0.392701140625 0.29432010625 0.39552827343749997 0.2953852515625 0.397855903125 0.29636011875 0.40000694374999995 0.2975228171875 0.40236483125 0.299270171875 0.40454613124999994 0.3015066140625 0.406697171875 0.3034566796875 0.4080865578125 0.307836640625 0.4096212796875 0.3099818125 0.4105716765625 0.31173677187500004 0.41108358125000005 0.316505290625 0.41184300625 0.317090278125 0.41184300625 0.31811045 0.4105572921875 0.31801124375 0.407293403125 0.3171759265625 0.40553745 0.3150023140625 0.4031029265625 0.3128931875 0.40104985156249995 0.3106207015625 0.3983216765625 0.3094328703125 0.3965473703125 0.308100859375 0.3942299109375 0.3073088625 0.392752728125 0.3064193125 0.391421875 0.3051861765625 0.3895466265625 0.30366534375 0.38992113125 0.3008138234375 0.38763516875000004 0.2986461640625 0.3857889390625 0.297461309375 0.3846775796875 0.2961755953125 0.3833454859375
1 0.497072090625 0.493601934375 0.49520601875 0.49202132968749995 0.49235317500000003 0.48988144843750003 0.49038955 0.48830084375 0.48841865156250003 0.48711631874999994 0.48625099218749995 0.48571006875 0.48374900781249996 0.484196925 0.4809530421875 0.4825014875 0.4784527109375 0.48088020781249996 0.47647850468749997 0.47962152812500003 0.474505953125 0.47843452343750004 0.47248545000000003 0.47663120000000003 0.47120138906250003 0.47529910781250007 0.4690879625 0.4728782234375 0.4671111109375 0.47095659687499997 0.465825396875 0.46999131875 0.465726521875 0.46999131875 0.46621230156250004 0.47184995 0.467285053125 0.47461631875 0.4684130296875 0.47891269843749995 0.46909556874999997 0.481605903125 0.4705595234375 0.48769568437500005 0.47138459062500004 0.48984672656250006 0.47391964218749993 0.4955751484375 0.476115409375 0.498981646875 0.47777314843749996 0.5011755953125 0.4795281078125 0.5037348703125 0.481665675 0.5062088296875 0.483615740625 0.5082562 0.48680919375 0.5111564984375 0.4882714953125 0.512619046875 0.49001917968750003 0.5152390875 0.491189153125 0.5174330359375 0.4924417984375 0.519967509375 0.4934090609375 0.5225146328125 0.49477414062499997 0.5239771828124999 0.49691931250000004 0.526024553125 0.49857672031250005 0.527706596875 0.5001365734375 0.5292420640625 0.502086640625 0.5312165171875 0.5039391531249999 0.5318747515625 0.5069289015625 0.531503471875 0.5071236765625 0.529629215625 0.5053538359374999 0.528049603125 0.5034771828125 0.526421875 0.5025876328125001 0.5248702875 0.5021917984375001 0.521472965625 0.50274239375 0.5162304062499999 0.5039047625 0.5134109625 0.5057691796875 0.50933506875 0.5061517859375 0.5070334828124999 0.5041957671875 0.5057316468749999 0.502464615625 0.5005984625 0.5010876328125 0.49840005 0.4991273140625 0.495728175 0.497072090625 0.493601934375
1 0.4301881609375 0.57282266875 0.431593584375 0.5711274796875 0.4308558203125 0.5692946421875 0.42982076718749995 0.567638640625 0.4281630296875 0.5650602671875 0.421924603125 0.5666116078125001 0.4237291671875 0.5719273312500001 0.4276531078125 0.573491071875 0.4301881609375 0.57282266875
1 0.5191329359375 0.6215682046875 0.517119709375 0.621196925 0.5140416671875 0.6210486109375 0.510557209375 0.6216671625 0.5096663359375 0.6234223703125 0.5094682546875 0.62571949375 0.5099034390625 0.6285163687499999 0.5108707015625 0.6319890874999999 0.5119358468749999 0.6345362109375 0.513053240625 0.63683358125 0.51446329375 0.63920386875 0.5172638890625 0.6429692453125 0.519101190625 0.6457232140625 0.521427909375 0.648227678125 0.5238518515624999 0.6510974703125 0.52652943125 0.653540921875 0.52905853125 0.656277034375 0.53169080625 0.6583244046875001 0.5335433203125 0.659933284375 0.5358263890625 0.6612450390625 0.5380691140625 0.6613182046875 0.5402380953125 0.6599243546875 0.5401884921875 0.657076884375 0.539222553125 0.6547390875 0.5379533734375 0.6513494546875 0.53655555625 0.6481882437500001 0.535286375 0.644840278125 0.5341613749999999 0.6416686515625 0.5332255296875 0.6389967765625 0.5321365734375 0.6365329859375 0.5308584656249999 0.634259425 0.5294454359375 0.6327306546875 0.52582738125 0.628080853125 0.5242450390625 0.6262348703125 0.522035384375 0.623740575 0.5191329359375 0.6215682046875
1 0.5672215609375 0.6032834828125 0.5659361765625001 0.603356646875 0.5641587296874999 0.6042341265625 0.5633756609375 0.6068115078125 0.5639530421875001 0.6093764875 0.5650707671874999 0.61123511875 0.56676124375 0.6133005953125 0.5688941796875 0.615555059375 0.5706491406249999 0.616652034375 0.5718191140625 0.616503471875 0.574711309375 0.6158487109374999 0.5778958328125 0.6149375 0.5795006609375 0.6128405265625 0.579104828125 0.611257440625 0.5761286375 0.608045634375 0.57540443125 0.60722891875 0.5732142859375 0.60476165625 0.5702800921875 0.6038774796874999 0.5689993390625 0.6035062 0.5672215609375 0.6032834828125
1 0.577505953125 0.617508184375 0.57602215625 0.61772743125 0.5741458328125 0.6183856640625 0.57276124375 0.61992113125 0.5728571421875001 0.6222611609375 0.57338988125 0.6236078875 0.5741696421875 0.6248509421875 0.575671296875 0.626959325 0.5782843921875 0.630152034375 0.5804292328125 0.6319801593750001 0.5830049609375 0.6326721234375 0.586189484375 0.63263045625 0.587696759375 0.6309732140625 0.5883267203125 0.628228175 0.58754398125 0.6252043656249999 0.586411375 0.6237710812499999 0.58586375625 0.6233355656249999 0.583994709375 0.6210146328125 0.5820191796875 0.6190213296875 0.580244709375 0.6178387890625 0.577505953125 0.617508184375
1 0.48784424531250004 0.6818169640625 0.4861686515625 0.6810002484375001 0.4847870375 0.6802576890625 0.4829150125 0.6792204859375001 0.4814345234375 0.6791450890624999 0.480939484375 0.68090005 0.48176455 0.6833740078125 0.48283697031250006 0.685275296875 0.4845396828125 0.68749925625 0.4865287703125 0.6900463796875 0.4886494703125 0.692654265625 0.49001455 0.6941897328125 0.491424603125 0.69619444375 0.4929847890625 0.6975109125000001 0.49434953750000005 0.6975838296875 0.49806216875000003 0.696228175 0.5000525796875 0.6945339781250001 0.5010727515625 0.6924370046874999 0.5010727515625 0.690459325 0.5005777109375 0.6889528765625 0.5003796296874999 0.6872259421875 0.49979464218749997 0.6852943953125 0.4980515875 0.6842931546875 0.4944623015625 0.6836259921875001 0.491924271875 0.683038690625 0.4901481484375 0.6825932546875 0.48784424531250004 0.6818169640625
1 0.542049934375 0.7247078375 0.543512565625 0.7247068453125001 0.5448776453125 0.7233005953125 0.545597553125 0.7203067953125 0.5453994703125 0.718475446875 0.5448055562499999 0.7167462796875 0.5438244046875 0.71451636875 0.542737103125 0.7130359625 0.541415675 0.7111302078125 0.5406236765625 0.7098712796875 0.5396335984375 0.7084650296875 0.53864351875 0.70632415625 0.5380496031249999 0.70393353125 0.5369153437499999 0.7010287703125 0.5358263890625 0.6995493546875 0.53414351875 0.6981386406250001 0.53275760625 0.6976929562499999 0.53156944375 0.698131696875 0.529986771875 0.6993018359375001 0.528402778125 0.7011299609375 0.527016865625 0.7022998515625 0.525435846875 0.703469990625 0.5245449734375 0.7037624015625 0.523556546875 0.704055059375 0.5220727515625 0.704420634375 0.5206868390625 0.7047130453125 0.5185178578125 0.7066874999999999 0.518711309375 0.709484375 0.5197837296875 0.711897321875 0.5214864421875001 0.714487103125 0.5235727515625 0.7171073906250001 0.5264920640625 0.71991641875 0.5290195109375 0.7233410218749999 0.532334325 0.7274360125 0.53669808125 0.7300404265625 0.53332738125 0.7254064984374999 0.5356960984375 0.7240136406250001 0.539417659375 0.723903521875 0.542049934375 0.7247078375
1 0.651358796875 0.71788368125 0.64977943125 0.717290675 0.6480062828125 0.7169193953125 0.64544444375 0.715586309375 0.6437268515625 0.7141857640625 0.6418531749999999 0.7133712796875 0.6347268515625 0.7127502484375 0.6324183203125 0.7141733625 0.63089715625 0.7172626484375 0.6304037703125001 0.7193100203125 0.6302040343749999 0.722326140625 0.6308792984375 0.72587896875 0.6319517203125 0.72807266875 0.6336256609375 0.7314365078125 0.6350806875 0.7337641374999999 0.6368806218749999 0.735915178125 0.638538359375 0.737597221875 0.6406832015624999 0.7394982640625 0.6430231484375 0.7413263890625 0.6452658734375001 0.7429352671875 0.6474107140625 0.7441783234375 0.6499457671875 0.745055803125 0.651603175 0.7440939984375 0.6522857140625 0.742366071875 0.6527734781250001 0.7395758921875 0.652332340625 0.737891865625 0.65109920625 0.7353516859375 0.6502711640625 0.732430059375 0.6500284390625 0.7310124015625 0.6509328703125 0.72849454375 0.6524328703125 0.7252051093749999 0.6536329359375 0.721962796875 0.653137896875 0.7195126484375 0.651358796875 0.71788368125
1 0.7491521156250001 0.9054439484374999 0.74780191875 0.9088807046875 0.7487245375 0.9110622515625 0.749744709375 0.9134325390625 0.7511335984375 0.9168390375 0.753805225 0.9203368062499999 0.7571276453125 0.9213829359375 0.760759259375 0.9213469734374999 0.7616365734375 0.92045709375 0.7613396156250001 0.9182115578125 0.7606464953125001 0.9169548609374999 0.75953670625 0.91414459375 0.7587086640625 0.91203521875 0.7572536375000001 0.9109506453125 0.7547787703125 0.908183284375 0.7533955031249999 0.9067048609375 0.7517156078125 0.9057420640625 0.7491521156250001 0.9054439484374999