1 0.8544973546874999 0.7013888890625 0.85615079375 0.702380953125 0.85681216875 0.7053571421875 0.8581349203125 0.706597221875 0.8673941796875001 0.7108134921875 0.8707010578125001 0.7132936515625 0.8789682546875 0.716021825 0.8835978843750001 0.718501984375 0.890211640625 0.7204861109375 0.8971560843749999 0.721478175 0.9041005296875 0.7204861109375 0.9007936515624999 0.7113095234375 0.8948412703124999 0.7046130953125 0.8928571421875 0.6994047625 0.89384920625 0.6961805562500001 0.8918650796875 0.6946924609375 0.891203703125 0.6924603171875 0.8832671953125001 0.687748015625 0.8769841265625 0.6855158734375 0.862103175 0.68427579375 0.853174603125 0.6810515875 0.8508597890624999 0.6810515875 0.8492063484375001 0.6822916671875 0.853174603125 0.6887400796875001 0.8528439156250001 0.6961805562500001 0.8544973546874999 0.7013888890625
1 0.81845238125 0.6991567453124999 0.8207671953125001 0.7018849203124999 0.827711640625 0.706597221875 0.8323412703124999 0.7073412703125 0.8422619046875001 0.7120535718750001 0.8488756609375001 0.7135416671875 0.8505290999999999 0.7095734125 0.8478835984374999 0.705853175 0.846230159375 0.699652778125 0.84424603125 0.6964285718750001 0.8425925921875 0.6951884921875 0.8349867718749999 0.6927083328125 0.8290343921875 0.6927083328125 0.827380953125 0.6927083328125 0.8244047625 0.693700396875 0.8210978843750001 0.693700396875 0.8174603171875001 0.6956845234375 0.81845238125 0.6991567453124999
1 0.83167989375 0.672123015625 0.833664021875 0.66865079375 0.8320105812499999 0.6649305562500001 0.827380953125 0.66220238125 0.8214285718750001 0.6612103171875 0.8210978843750001 0.6609623015625 0.815806878125 0.6646825390625 0.8177910046875001 0.6681547625 0.827380953125 0.67237103125 0.83167989375 0.672123015625
1 0.765873015625 0.6701388890625 0.76917989375 0.6738591265625 0.7728174609375 0.6755952375 0.7794312171875 0.677579365625 0.7863756609375 0.6768353171875 0.7886904765625 0.67509920625 0.787367725 0.6703869046875 0.7794312171875 0.6634424609375 0.7724867718749999 0.6617063484375 0.7708333328125 0.6617063484375 0.765542328125 0.6626984125 0.762896825 0.6646825390625 0.76223545 0.6681547625 0.765873015625 0.6701388890625
1 0.5978835984375 0.574652778125 0.6051587296875 0.578125 0.6117724875 0.578125 0.6137566140625 0.575396825 0.6140873015625 0.5711805562500001 0.609126984375 0.56572420625 0.6025132281250001 0.5637400796875001 0.6011904765625 0.5637400796875001 0.5982142859375 0.5642361109375 0.59391534375 0.56845238125 0.59391534375 0.5716765875 0.5978835984375 0.574652778125
1 0.49140211562499997 0.5240575390625 0.49272486718749997 0.5260416671875 0.4983465609375 0.5292658734375 0.5082671953125 0.530505953125 0.5115740734374999 0.5292658734375 0.5119047625 0.5220734125 0.5085978843750001 0.5176091265625 0.502645503125 0.5166170640625001 0.5003306875 0.5166170640625001 0.49801587343750003 0.5166170640625001 0.49272486718749997 0.51884920625 0.490740740625 0.521825396875 0.49140211562499997 0.5240575390625
1 0.3733465609375 0.530505953125 0.38062169375 0.533730159375 0.390542328125 0.5364583328125 0.4011243390625 0.5379464281249999 0.4295634921875 0.546875 0.434523809375 0.546875 0.4328703703125 0.543402778125 0.42592592656250006 0.5384424609375 0.422288359375 0.536954365625 0.4130291 0.5292658734375 0.40707672031250003 0.5257936515625 0.390542328125 0.518353175 0.3697089953125 0.5111607140625 0.36276454999999996 0.5101686515625 0.3607804234375 0.5101686515625 0.35681216875 0.5106646828125 0.35548941875 0.512152778125 0.362103175 0.5176091265625 0.3733465609375 0.530505953125
1 0.2232142859375 0.4704861109375 0.23048941875 0.47271825468750006 0.234126984375 0.47296627031250005 0.23644179843750002 0.46800595312500004 0.2367724875 0.4635416671875 0.2357804234375 0.459821428125 0.23048941875 0.455853175 0.2242063484375 0.455605159375 0.22387566093750003 0.45535714218749995 0.209986771875 0.45634920625 0.209656084375 0.459821428125 0.21693121718750003 0.46651785781250005 0.2232142859375 0.4704861109375
1 0.20899470937500003 0.3928571421875 0.21031746093749998 0.3864087296875 0.20568783124999998 0.384424603125 0.20039682499999997 0.38368055624999997 0.1990740734375 0.38368055624999997 0.19444444375 0.3864087296875 0.1954365078125 0.3886408734375 0.203042328125 0.3928571421875 0.20899470937500003 0.3928571421875
1 0.265542328125 0.421875 0.26455026406250004 0.41840277812500004 0.2632275125 0.41741071406249997 0.25330687812499997 0.41468253906249997 0.2513227515625 0.41468253906249997 0.24966931250000002 0.41815476250000005 0.2552910046875 0.4228670640625 0.2605820109375 0.4236111109375 0.265542328125 0.421875
1 0.14318783125 0.36284722187499996 0.1514550265625 0.36383928593750003 0.1577380953125 0.3611111109375 0.1613756609375 0.3606150796875 0.16302909999999998 0.359375 0.153108465625 0.35243055624999997 0.140542328125 0.34821428593750003 0.13955026406249998 0.34821428593750003 0.1375661375 0.3487103171875 0.13888888906250002 0.3514384921875 0.13955026406249998 0.359375 0.14318783125 0.36284722187499996
1 0.3703703703125 0.549355159375 0.3766534390625 0.550347221875 0.38062169375 0.547123015625 0.3796296296875 0.543402778125 0.3746693125 0.5391865078125 0.3700396828125 0.5379464281249999 0.36937830625 0.5379464281249999 0.3630952375 0.5391865078125 0.3624338625 0.5431547625 0.36607142812500004 0.54737103125 0.3703703703125 0.549355159375