2 0.4045724203125 0.4921592265625 0.40991666718750003 0.49180555625 0.41211706406250004 0.489330109375 0.40551554218749997 0.48626512968749996 0.39671362499999996 0.4822571921875 0.388854828125 0.47848487031250003 0.38162466875 0.47553769843750004 0.378166996875 0.47435887968749996 0.374866071875 0.4740052078125 0.37345172031249996 0.4761272328125 0.3798958328125 0.4802529765625 0.387597553125 0.48543997968749997 0.3954563484375 0.489330109375 0.4045724203125 0.4921592265625
2 0.8208353171875 0.602802828125 0.8224272484374999 0.602448909375 0.8239011250000001 0.6013876484375 0.82230919375 0.6002822421875 0.8195972218750001 0.5988229171875 0.8172387562500001 0.59776165625 0.816472221875 0.5984250984374999 0.816354496875 0.5997958828125001 0.8165902781250001 0.600459078125 0.8180052906249999 0.6013876484375 0.8208353171875 0.602802828125
2 0.7462513234375 0.5688420140625 0.7470178578125 0.5680017359375 0.7468409390625 0.5669848703125 0.7454259265625 0.56658680625 0.7430085984375 0.566763640625 0.7425370375 0.5680017359375 0.7439520500000001 0.5687978671875 0.74554398125 0.5693283734375 0.7462513234375 0.5688420140625
2 0.8342509921874999 0.6567175093750001 0.8362718250000001 0.656876984375 0.8364844578125 0.6551220234375 0.8359527109375 0.6535267859375 0.8337192453125001 0.6532078375 0.8323366406250001 0.653845734375 0.8315922625000001 0.65416493125 0.831060515625 0.65496255 0.8326557546875 0.65568055625 0.8342509921874999 0.6567175093750001
2 0.49867923281250004 0.533039434375 0.49907440468750003 0.531927828125 0.49769113750000005 0.530964534375 0.4962089953125 0.5316314484375 0.496604496875 0.5325947421875 0.497394840625 0.5331877484375 0.49867923281250004 0.533039434375
2 0.5154877640625 0.5180771328125 0.5169365078125 0.51780555625 0.5169365078125 0.5165563 0.5153429234375 0.5160672125 0.5135320765625 0.516501984375 0.5135320765625 0.5170451390624999 0.51418419375 0.517751240625 0.5154877640625 0.5180771328125
2 0.491513228125 0.516121528125 0.4901372359375 0.5164476687499999 0.48919543593750003 0.5172080859375 0.4907166 0.5180228171875 0.4918756609375 0.5179685015625 0.49209292343750005 0.5170994546875 0.491513228125 0.516121528125
2 0.49861144218750003 0.526714534375 0.49868386249999996 0.5254107140625 0.4974527109375 0.5247046125 0.49549702343749996 0.5256282234375 0.49651091249999996 0.5264972718750001 0.49738029062500005 0.5270404265625 0.49861144218750003 0.526714534375
2 0.502667659375 0.5285615078125 0.5028125 0.5274208828125 0.5014361765625 0.5265515875 0.50013260625 0.526605903125 0.49955324062499995 0.5273665671875001 0.500277446875 0.52828993125 0.501218915625 0.5286701390624999 0.502667659375 0.5285615078125
2 0.5444599875 0.536275296875 0.5454017859375 0.5360037203125 0.545619046875 0.5347544640625 0.5439530421875001 0.5337765375 0.5427215609375 0.53366790625 0.5419973546875 0.5344826390625 0.541707671875 0.5353519343750001 0.5430115734375 0.5358407734374999 0.5444599875 0.536275296875
2 0.5645955687499999 0.532853175 0.5653925265625 0.532309771875 0.5645955687499999 0.53133209375 0.5632195765625 0.5312234625000001 0.5617708328125001 0.5315493546875001 0.5624953703125 0.532092509375 0.5632195765625 0.53247271875 0.5645955687499999 0.532853175
2 0.5894914015625 0.5654248515625 0.5906474875 0.56558978125 0.5907023812500001 0.5644751984374999 0.5900419968749999 0.56352579375 0.5885558859375 0.56303050625 0.58717989375 0.5636909718750001 0.5875099203125 0.5644751984374999 0.5883905421875 0.5650533234374999 0.5894914015625 0.5654248515625
2 0.5642275125 0.56794295625 0.5645026453125 0.5671584828125 0.5640625 0.56637425625 0.5619160046875 0.5664154265625 0.5621911374999999 0.5676540171875 0.562961640625 0.56794295625 0.5642275125 0.56794295625
2 0.5741901453125 0.5574161703125 0.574740409375 0.5565493546875 0.5740800265625 0.5557237109375001 0.5730340609375 0.555228421875 0.5720985453125 0.5553936015625001 0.5717681875 0.5565493546875 0.57193353125 0.5576227671875 0.5731994046875 0.55791170625 0.5741901453125 0.5574161703125
2 0.63204795 0.5135342265625 0.6314619703125001 0.5122157734375 0.629630621875 0.5111170640625 0.628678571875 0.511721478125 0.628678571875 0.51336954375 0.6295575390625 0.5140287703124999 0.630583003125 0.5138638390625 0.63204795 0.5135342265625
2 0.5970357140625 0.50644766875 0.596303240625 0.5054588296875 0.5952046953125001 0.5049642859375 0.593519840625 0.5050193453125 0.5937397484375 0.506337796875 0.5951312828125 0.5075463796874999 0.596376653125 0.5074365078125 0.5970357140625 0.50644766875
2 0.5465816796875 0.4780458828125 0.5475446421875 0.47743477187499994 0.54747056875 0.475934771875 0.5462113093750001 0.4756014390625 0.544729828125 0.47621254999999996 0.544729828125 0.4767681046875 0.545174271875 0.47749032812500003 0.5465816796875 0.4780458828125
2 0.43832672031250003 0.47575694375 0.4373174609375 0.47479811562499996 0.4366445109375 0.4743943453125 0.435568121875 0.474040921875 0.43543353125 0.475050346875 0.43543353125 0.47616071406250005 0.43718287031249997 0.47631200468749996 0.43832672031250003 0.47575694375
2 0.5039345234375 0.5237514875 0.5035307546875 0.5229439484375 0.502454365625 0.5226917156249999 0.5018485453125 0.5228936015625 0.5010410046875 0.523044890625 0.5006372359375 0.5241046625 0.501781415625 0.5248112593750001 0.5032615734375 0.524609375 0.5039345234375 0.5237514875