2 0.078703703125 0.1741071421875 0.0803571421875 0.1731150796875 0.0796957671875 0.1696428578125 0.07374338593749999 0.1639384921875 0.0677910046875 0.162450396875 0.066137565625 0.1636904765625 0.0671296296875 0.16840277812499999 0.06944444375 0.1706349203125 0.07572751250000001 0.1738591265625 0.078703703125 0.1741071421875
2 0.10582010625 0.17162698437499999 0.10251322812500001 0.16865079375 0.0978835984375 0.1664186515625 0.09325396875 0.1664186515625 0.0945767203125 0.17162698437499999 0.1015211640625 0.17509920625 0.103835978125 0.17509920625 0.10582010625 0.17162698437499999
2 0.1263227515625 0.21924603125000003 0.127645503125 0.2177579359375 0.1263227515625 0.21378968281250002 0.1203703703125 0.209325396875 0.116071428125 0.20907738125000003 0.115410053125 0.21130952343749998 0.1167328046875 0.2147817453125 0.1230158734375 0.21924603125000003 0.1263227515625 0.21924603125000003
2 0.1620370375 0.234623015625 0.16865079375 0.23511904687500002 0.16865079375 0.2306547625 0.16335978906249998 0.22619047656250002 0.15839947031249998 0.224950396875 0.15575396875 0.22619047656250002 0.1550925921875 0.2279265875 0.15641534375 0.2306547625 0.159060846875 0.2328869046875 0.1620370375 0.234623015625
2 0.2073412703125 0.284226190625 0.21064814843750002 0.284226190625 0.21263227499999998 0.2829861109375 0.21164021093750002 0.2792658734375 0.20634920625 0.271825396875 0.20238095312499998 0.27008928593750003 0.196759259375 0.2728174609375 0.196428571875 0.2760416671875 0.1980820109375 0.2790178578125 0.203373015625 0.2829861109375 0.2073412703125 0.284226190625
2 0.20238095312499998 0.32465277812500004 0.20238095312499998 0.3206845234375 0.190476190625 0.310019840625 0.1855158734375 0.30902777812500004 0.1822089953125 0.3107638890625 0.18187830625 0.3142361109375 0.1927910046875 0.3239087296875 0.1994047625 0.3263888890625 0.20238095312499998 0.32465277812500004
2 0.24834656093750002 0.315476190625 0.25 0.3142361109375 0.24570105781249998 0.3070436515625 0.240740740625 0.30282738125 0.234457671875 0.3010912703125 0.23082010625 0.30282738125 0.2328042328125 0.3072916671875 0.23710317500000003 0.3110119046875 0.24470899531249998 0.3147321421875 0.24834656093750002 0.315476190625
2 0.203373015625 0.3005952375 0.2020502640625 0.296875 0.196097884375 0.2919146828125 0.1924603171875 0.2904265875 0.1894841265625 0.2919146828125 0.190806878125 0.296875 0.1957671953125 0.3008432546875 0.20039682499999997 0.3018353171875 0.203373015625 0.3005952375
2 0.3144841265625 0.3616071421875 0.31580687812499997 0.359375 0.31150793593750004 0.3546626984375 0.3075396828125 0.35342261875 0.303240740625 0.3544146828125 0.30357142812500004 0.3573908734375 0.3075396828125 0.3613591265625 0.3101851859375 0.36259920625 0.3144841265625 0.3616071421875
2 0.3766534390625 0.41071428593750003 0.3796296296875 0.406001984375 0.37830687812499997 0.40054563437499996 0.371362434375 0.39657738125 0.36871693125 0.396825396875 0.365740740625 0.3990575390625 0.365079365625 0.403521825 0.3670634921875 0.4077380953125 0.3730158734375 0.41071428593750003 0.3766534390625 0.41071428593750003
2 0.30357142812500004 0.403521825 0.3048941796875 0.4010416671875 0.303902115625 0.39756944375000003 0.30026454999999996 0.3943452375 0.29298941875 0.39012896874999997 0.290343915625 0.3891369046875 0.2876984125 0.38963293593750004 0.2870370375 0.390873015625 0.2886904765625 0.393601190625 0.30026454999999996 0.40277777812500004 0.30357142812500004 0.403521825
2 0.46660052968750004 0.5109126984375 0.477843915625 0.509424603125 0.48082010625000005 0.5047123015625 0.4751984125 0.4952876984375 0.4632936515625 0.48660714218749995 0.459325396875 0.4861111109375 0.45568783125 0.4898313484375 0.45502645468749997 0.4952876984375 0.45601851875 0.49801587343750003 0.4632936515625 0.5089285718750001 0.46660052968750004 0.5109126984375
2 0.43518518593750005 0.452876984375 0.43320105781249996 0.4484126984375 0.428571428125 0.4451884921875 0.4249338625 0.44469246093750003 0.4242724875 0.446428571875 0.42592592656250006 0.44940476250000005 0.43187830624999995 0.452876984375 0.43518518593750005 0.452876984375
2 0.42129629687500003 0.515625 0.415013228125 0.51240079375 0.4110449734375 0.5116567453124999 0.409060846875 0.512896825 0.408730159375 0.515376984375 0.421626984375 0.5257936515625 0.42261904687499996 0.5208333328125 0.42129629687500003 0.515625
2 0.44940476250000005 0.549355159375 0.452711640625 0.549355159375 0.4546957671875 0.546875 0.45370370312499997 0.5431547625 0.44940476250000005 0.5399305562500001 0.4451058203125 0.5391865078125 0.44411375625 0.5396825390625 0.44411375625 0.543402778125 0.44609788437500003 0.546626984375 0.44940476250000005 0.549355159375
2 0.547288359375 0.5505952375 0.5499338625 0.546875 0.5479497359375001 0.5431547625 0.541335978125 0.5391865078125 0.5357142859375 0.5386904765625 0.533730159375 0.5394345234375 0.534060846875 0.5431547625 0.5363756609375 0.54637896875 0.5423280421875 0.550347221875 0.547288359375 0.5505952375
2 0.49801587343750003 0.497023809375 0.4996693125 0.4952876984375 0.4986772484375 0.4925595234375 0.49140211562499997 0.48660714218749995 0.484126984375 0.4826388890625 0.484126984375 0.48759920625 0.48842592656250006 0.4945436515625 0.49140211562499997 0.49652777812500004 0.49801587343750003 0.497023809375
2 0.5572089953125 0.5895337296875 0.558862434375 0.588045634375 0.559523809375 0.5845734125 0.5552248671875 0.578125 0.5499338625 0.574652778125 0.547619046875 0.5744047625 0.54332010625 0.575148809375 0.5423280421875 0.5768849203124999 0.5419973546875 0.578125 0.546296296875 0.5833333328125 0.552579365625 0.5882936515625 0.5572089953125 0.5895337296875
2 0.596891534375 0.64384920625 0.5975529093749999 0.640625 0.590939153125 0.6324404765625 0.5853174609375 0.6289682546875001 0.5820105812499999 0.6297123015625 0.58134920625 0.6339285718750001 0.5866402109375 0.640376984375 0.5925925921874999 0.64384920625 0.596891534375 0.64384920625
2 0.6266534390625 0.599950396875 0.6273148140625 0.5987103171875 0.6259920640625001 0.5954861109375 0.61937830625 0.5892857140625 0.6164021156249999 0.58779761875 0.61276455 0.587549603125 0.6111111109375 0.590277778125 0.61276455 0.5954861109375 0.6160714281249999 0.5982142859375 0.6230158734375 0.6009424609375 0.6266534390625 0.599950396875
2 0.6164021156249999 0.6830357140625 0.6160714281249999 0.6798115078125 0.609457671875 0.672123015625 0.6025132281250001 0.6679067453124999 0.6001984125 0.6696428578125 0.6001984125 0.6736111109375 0.6051587296875 0.6795634921875 0.609788359375 0.6825396828125 0.6164021156249999 0.6830357140625
2 0.6749338625 0.6577380953125 0.674603175 0.6542658734375 0.6679894187500001 0.6470734125 0.6620370375 0.6453373015625 0.659722221875 0.64657738125 0.6603835984375 0.650545634375 0.6650132281250001 0.6552579359374999 0.671626984375 0.6582341265625 0.6749338625 0.6577380953125
2 0.6894841265625 0.7393353171875 0.6875 0.7408234125 0.6871693125 0.7447916671875 0.6917989421875 0.7522321421875 0.7013888890625 0.762152778125 0.7070105812499999 0.76612103125 0.715277778125 0.7703373015625 0.7205687828125 0.771825396875 0.7232142859375 0.768353175 0.721560846875 0.7547123015625 0.7175925921874999 0.7462797625 0.7142857140625 0.7430555562500001 0.70667989375 0.7385912703125 0.6851851859375 0.7204861109375 0.6822089953125 0.71924603125 0.6792328046875 0.7197420640625001 0.6785714281249999 0.721230159375 0.6798941796875 0.7239583328125 0.6865079359374999 0.7291666671875 0.6894841265625 0.7393353171875
2 0.7480158734375 0.755704365625 0.7486772484374999 0.7512400796875001 0.7410714281249999 0.7452876984375 0.7374338625 0.7447916671875 0.737103175 0.7482638890625 0.740079365625 0.7517361109375 0.7447089953125 0.7549603171875 0.7480158734375 0.755704365625
2 0.787367725 0.7415674609375 0.7870370375 0.737847221875 0.7830687828125 0.733630953125 0.778439153125 0.7328869046875 0.7757936515625 0.734126984375 0.7761243390625 0.7383432546875001 0.7827380953125 0.7423115078125 0.7860449734375 0.7425595234375 0.787367725 0.7415674609375
2 0.8452380953124999 0.7931547625 0.8452380953124999 0.7896825390625 0.840939153125 0.783978175 0.8349867718749999 0.78174603125 0.83068783125 0.783730159375 0.83068783125 0.786954365625 0.8366402109375001 0.79365079375 0.8419312171875 0.7951388890625 0.8452380953124999 0.7931547625
2 0.3373015875 0.406498015625 0.3386243390625 0.40426587343750003 0.3353174609375 0.3985615078125 0.33134920625 0.396329365625 0.3267195765625 0.3970734125 0.3263888890625 0.4010416671875 0.3293650796875 0.4047619046875 0.33267195781250003 0.40674603125 0.3373015875 0.406498015625
2 0.9424603171875001 0.8673115078125001 0.9484126984374999 0.862847221875 0.947420634375 0.859126984375 0.9447751328124999 0.8556547625 0.9322089953124999 0.847222221875 0.9285714281249999 0.8482142859374999 0.927910053125 0.84970238125 0.928240740625 0.8554067453125 0.93121693125 0.859623015625 0.9391534390625 0.8665674609374999 0.9424603171875001 0.8673115078125001
2 0.9632936515624999 0.89657738125 0.971230159375 0.8973214281249999 0.9768518515625001 0.8995535718750001 0.98148148125 0.8980654765624999 0.98181216875 0.894097221875 0.971560846875 0.8831845234375001 0.9669312171875 0.8814484125 0.9619709000000001 0.88095238125 0.953042328125 0.8824404765624999 0.952711640625 0.887152778125 0.95634920625 0.8921130953124999 0.9599867718749999 0.8948412703124999 0.9632936515624999 0.89657738125
2 0.9669312171875 0.9618055562500001 0.9699074078125 0.962549603125 0.9732142859374999 0.9620535718750001 0.9751984125 0.9600694437499999 0.9738756609375001 0.956101190625 0.9623015875 0.9427083328125001 0.95634920625 0.9397321421875 0.9540343921875 0.9424603171875001 0.9543650796875 0.9464285718750001 0.9596560843749999 0.95634920625 0.9669312171875 0.9618055562500001