2 0.4508518515625 0.4361736109375 0.45215939218749995 0.43686334374999997 0.4535638234375 0.436826884375 0.45404827968749994 0.43591939531249996 0.45317658749999995 0.4353387890625 0.45114252656250003 0.4341044140625 0.449689484375 0.4333060515625 0.44813988125000004 0.43334226249999996 0.4473650796875 0.43396527812499996 0.44838194375 0.43454017812499995 0.4493505296875 0.4352661203125 0.4508518515625 0.4361736109375
2 0.44558994687500003 0.5151594734375 0.44866005312499996 0.517165675 0.4533835984375 0.5199980156249999 0.45724140156250004 0.5215322421875 0.4602328046875 0.5222993546875 0.46338194374999997 0.5224764390625001 0.465192790625 0.5220634921875 0.465586309375 0.520529265625 0.4643267203125 0.518405009375 0.46259457656249997 0.5166937 0.45889451093750006 0.514215278125 0.4536200390625 0.5112651296874999 0.44858134843749997 0.5083147328125001 0.443700396875 0.5056001984375 0.439685515625 0.503358134375 0.4356703046875 0.501587796875 0.432836309375 0.5008797125 0.43047453750000003 0.5013516859375 0.4314193125 0.5031810515624999 0.43299371718749996 0.5060724203125 0.4358277109375 0.5084915671875 0.4396068125 0.51215005 0.44558994687500003 0.5151594734375
2 0.5462526453125001 0.5558120046874999 0.5474259265625 0.5560151296875 0.548012896875 0.5554737109375 0.5481481484375 0.554695684375 0.5480578703125001 0.5539174109375 0.5474259265625 0.553714534375 0.546523478125 0.5537482640625 0.5453498671875 0.5540190968750001 0.54451488125 0.554340278125 0.5445373671875 0.5549325390625001 0.5455304234375 0.5554399796875 0.5462526453125001 0.5558120046874999
2 0.5727589281250001 0.5574900796875 0.5738422625 0.5575577875 0.5746094578125 0.5573209328125001 0.5746547625 0.5561369046875 0.57366170625 0.555730903125 0.572623346875 0.55556175625 0.5719014546875 0.55556175625 0.5714047625 0.556204365625 0.571450065625 0.556745784375 0.57203670625 0.5571517859374999 0.5727589281250001 0.5574900796875
2 0.5519057546874999 0.5657447921875 0.552898809375 0.565643353125 0.5534404765625001 0.5652373515625 0.5536663359375 0.5646622031249999 0.5531696421875 0.564087053125 0.5521316140625 0.56391790625 0.55118353125 0.5642224703125 0.550461640625 0.5650004953125001 0.55055191875 0.565305059375 0.5514543656249999 0.5656096234375 0.5519057546874999 0.5657447921875
2 0.5563743390625 0.568146825 0.5572318125 0.5681130953125 0.5578187828125001 0.567673115625 0.55786375625 0.566759671875 0.5570062828125 0.5662862109375 0.5554265875 0.5657787703125 0.554388228125 0.5658125 0.5534857796875 0.56656944375 0.554207671875 0.567199653125 0.5552910046874999 0.56770709375 0.5563743390625 0.568146825
2 0.5592179234375 0.5637827375 0.5596693125 0.5630384421875 0.5595340609375 0.562294146875 0.5580896156249999 0.5618541671874999 0.55736739375 0.561955853125 0.5563743390625 0.562125 0.5556296296875 0.5628881453125001 0.55655489375 0.5635796125 0.5577285046875 0.563951884375 0.5592179234375 0.5637827375
2 0.5511140875 0.572994046875 0.55195601875 0.5722966265625 0.551601521875 0.5716654265625001 0.5508482140625001 0.5713333328125 0.549740409375 0.5713000984375001 0.5489427906250001 0.5715989578125 0.548156084375 0.5719412203124999 0.54867691875 0.5726619546875 0.5496517859375001 0.5732264390624999 0.5511140875 0.572994046875
2 0.5803958328125 0.5970203374999999 0.5800287703125 0.5965451390625 0.579427909375 0.59601959375 0.5788938484374999 0.59586954375 0.5781593921875 0.59586954375 0.577884259375 0.596207340625 0.5783597890625 0.5969952875 0.5791607140624999 0.5976959328125 0.5801623671875 0.597445684375 0.5803958328125 0.5970203374999999
2 0.631274140625 0.6052641375000001 0.6324682546875 0.6050404265625 0.6328945109374999 0.6043373015625 0.6326385578125 0.6035062 0.6318283734375 0.6028990578125 0.6302933203125 0.602675346875 0.62952579375 0.6029947921875001 0.62941898125 0.6041207843749999 0.6296537703125 0.6044970234375 0.6302933203125 0.6049764390625 0.631274140625 0.6052641375000001
2 0.6162529765625 0.6169372515625 0.6169351859375001 0.616585565625 0.6175747359375 0.6157864578125001 0.617020503125 0.615147321875 0.6160396828125 0.6149873515625 0.614674934375 0.615147321875 0.6138009265625 0.6155545640625 0.61420601875 0.6160741562500001 0.615229496875 0.6166175593750001 0.6162529765625 0.6169372515625
2 0.6487685187500001 0.614907490625 0.649365740625 0.6141403765625 0.649578703125 0.6134692453125 0.6494084 0.6130855656249999 0.64855555625 0.6125421625 0.6478303578125 0.611743303125 0.6468921953125 0.6115833328125 0.646167328125 0.6119030265625 0.6458260578125 0.6126701390625 0.6453571421875 0.613355903125 0.646167328125 0.614236359375 0.64706283125 0.6147157734375 0.6480436515625 0.614971478125 0.6487685187500001 0.614907490625
2 0.6710710984375 0.6248861609375 0.6706875 0.62463045625 0.6700049609375001 0.6245344734375 0.6693227515625 0.62456646875 0.6688538359375 0.624790178125 0.668512565625 0.625269840625 0.6688111765625 0.6255892859375 0.6700049609375001 0.6262286703125 0.670644840625 0.6261966765625 0.6710710984375 0.6255255453124999 0.6710710984375 0.6248861609375
2 0.699009590625 0.663970734375 0.70077943125 0.66401636875 0.7015730812500001 0.6639248515625 0.7015730812500001 0.662826884375 0.7005965609375 0.6615458828125 0.6987652109375 0.661042659375 0.6973614421875001 0.6615002484375 0.6968885578124999 0.6621279765625 0.6969953703125 0.6627353671875 0.6975446421875 0.66319295625 0.699009590625 0.663970734375
2 0.612685846875 0.516637153125 0.6131147484375 0.5154888390625 0.6126243390624999 0.5145701890625001 0.611031084375 0.51461631875 0.609927909375 0.5150295140625001 0.610540675 0.5159942953125001 0.6110922624999999 0.5165912703125 0.612685846875 0.516637153125
2 0.6654193125 0.551371528125 0.66560284375 0.5506825390625 0.6645 0.5499017859374999 0.662906415625 0.5494424609374999 0.6618035718749999 0.5500853171875 0.6617420640625 0.5512797625 0.662906415625 0.551830853125 0.6642546296875 0.551830853125 0.6654193125 0.551371528125
2 0.7030006609375 0.5623442453124999 0.704226190625 0.5618849203125 0.7048389546875 0.5611041671875 0.7039811515625 0.560185515625 0.7025102515625 0.5595424109375 0.700978175 0.5596803078125 0.7008558203125 0.5603692953125 0.700457340625 0.5615493546875 0.700978175 0.5621145828125 0.701713625 0.562436259375 0.7030006609375 0.5623442453124999
2 0.833424603125 0.6348420140625 0.8347334656250001 0.633548859375 0.8339599874999999 0.6328353171875001 0.832413359375 0.6323000984375 0.8305687828125 0.6322557046874999 0.8295575390625001 0.633504215625 0.8302119703124999 0.6343514390625 0.8313422625 0.6348420140625 0.833424603125 0.6348420140625
2 0.9226087968750001 0.6825691968750001 0.9245740734375 0.6829226187499999 0.9261461640625 0.682274553125 0.92638194375 0.6809193953125 0.9248098546874999 0.679741071875 0.9225300921875 0.678444940625 0.920722221875 0.6773256453125 0.919071759375 0.6770897812500001 0.91773545 0.6775022328125 0.91773545 0.678857390625 0.9181283062500001 0.680625 0.9193859124999999 0.6815674609375 0.920722221875 0.6819799109375 0.9226087968750001 0.6825691968750001