3 0.2855049609375 0.47369890937500003 0.288992725 0.4743772328125 0.2933852515625 0.47495858125 0.300103175 0.47544295625000005 0.30669146875000003 0.4761212796875 0.31366765937499996 0.4764119546875 0.3238736765625 0.47738095312500006 0.333174934375 0.4789310515625 0.3418306875 0.47990005 0.3517781078125 0.48057812499999997 0.36043353125 0.48106274843749997 0.3703812828125 0.4825161203125 0.3759361765625 0.483194196875 0.3848501984375 0.48426016875 0.390663690625 0.48484151718749996 0.396347884375 0.4854228671875 0.4038406078125 0.4863916171875 0.412108796875 0.48784499062500003 0.417276125 0.48813566406250003 0.421281084375 0.487263640625 0.42321891562499997 0.4858102671875 0.42296064843750003 0.48387252031249994 0.42696527812499996 0.4837755453125 0.43006580625 0.4834848703125 0.4336832015625 0.482128471875 0.43174537031250004 0.4808688 0.427740409375 0.4806750984375 0.4233482140625 0.4801907234375 0.41805125624999995 0.4789310515625 0.4090082671875 0.477768353125 0.4004818125 0.47747767812499997 0.38665872968750004 0.47660565468750005 0.37529034375000003 0.47544295625000005 0.3723191140625 0.476508928125 0.37529034375000003 0.477574653125 0.3755486109375 0.47912499999999997 0.371931546875 0.4793187 0.3613379625 0.4782529765625 0.3493234125 0.47709027812500004 0.3374381609375 0.47631497968750003 0.31767261874999997 0.47428025781249994 0.2973902109375 0.4722455359375 0.2822751328125 0.47069543593749996 0.274523809375 0.4707921625 0.27581580625 0.4722455359375 0.27956216875 0.473214534375 0.2855049609375 0.47369890937500003
3 0.1896474875 0.4696294640625 0.1940400125 0.4715674609375 0.201145171875 0.47234250937500005 0.213289021875 0.47398958281250003 0.223494709375 0.47505555624999996 0.23964318750000002 0.476508928125 0.25902149531249996 0.4785436515625 0.2767199078125 0.48077207343749995 0.29170568750000003 0.482419146875 0.3039785046875 0.48338814531249996 0.317414021875 0.48493824375 0.3243902109375 0.4854228671875 0.331237103125 0.48600421562499996 0.33369179843749996 0.4853258921875 0.333045965625 0.4834848703125 0.3295578703125 0.48280679531250004 0.325036375 0.48232217187500004 0.31961045 0.48115947343750004 0.3128925265625 0.4806750984375 0.3037202375 0.47990005 0.28718419375000004 0.47786532812500004 0.26935648125 0.47592757968750005 0.25023644218749996 0.47398958281250003 0.229954034375 0.4710828375 0.2152268515625 0.46972643906249995 0.2064417984375 0.46972643906249995 0.19688194375 0.4689513890625 0.19546097812500002 0.4684670140625 0.1921021828125 0.46856374062499995 0.1896474875 0.4696294640625
3 0.16729795 0.45722767812500004 0.172336309375 0.45780902812499996 0.1861593921875 0.45926215312499996 0.19597784375 0.45974677656249996 0.20618353125 0.46042485156249996 0.21148015937500003 0.46129687500000005 0.2162602515625 0.4613938484375 0.21897321406249998 0.46003745 0.21613095312500002 0.45868080312500004 0.209413359375 0.45751835312500005 0.2004993390625 0.4568400296875 0.1915853171875 0.45587103124999995 0.1838339953125 0.45548363125 0.1764702375 0.45490228125 0.16665211562499999 0.45422395781249997 0.163164021875 0.45490228125 0.16368088593750002 0.45674305625 0.16729795 0.45722767812500004
3 0.2641808859375 0.45407018906249996 0.27007142812499996 0.454806546875 0.27527447031249996 0.4554692453125 0.2817536375 0.4564263390625 0.28597519843749997 0.456941715625 0.29166898125 0.4570153765625 0.30001388906250004 0.4576044140625 0.3108125 0.458414434375 0.3191574078125 0.45915054531250005 0.3268148140625 0.459960565625 0.3307417328125 0.4603286203125 0.3333921953125 0.45915054531250005 0.33241038437500003 0.457678075 0.3293670640625 0.45686805625 0.32436045 0.4558373015625 0.3176848546875 0.45502728125 0.31248148124999997 0.45458556562499997 0.3048240734375 0.4541438484375 0.294319775 0.45333382968749997 0.2833244046875 0.45267113124999997 0.277335978125 0.45208209374999997 0.2697767859375 0.45141964218749997 0.2641808859375 0.450977678125 0.261137565625 0.450977678125 0.26025396875 0.45252405781249994 0.2641808859375 0.45407018906249996
3 0.337042328125 0.46459920625000006 0.3384166671875 0.4661453375 0.3439143515625 0.46695535781249997 0.35039351875 0.467470734375 0.35677480156249997 0.4683541671875 0.3610942453125 0.46916418593750003 0.3700281078125 0.47071031718749995 0.3860300921875 0.4721830359375 0.3982033734375 0.47358184531249997 0.4141074734375 0.4750545640625 0.4293240734375 0.4768950890625 0.44061375625 0.4775577875 0.4497437171875 0.4785151296875 0.4552414015625 0.4791775796875 0.4615244703125 0.47998759843750005 0.46731646875 0.4808712796875 0.47487566093750005 0.48168105156249996 0.4834166671875 0.48101835312499996 0.48164980156250004 0.47947222187499994 0.47644642812500004 0.478883184375 0.466531084375 0.47814682499999994 0.46446957656250004 0.476748015625 0.46024801562500006 0.47593799531250003 0.452296296875 0.47527529687500003 0.44503141562500004 0.47417088281249997 0.4403191140625 0.47336111093750005 0.4325634921875 0.472330109375 0.4246921296875 0.47203571406249994 0.41624933906250006 0.47041592187500003 0.4045667984375 0.4689432046875 0.393866071875 0.46820709374999997 0.382674603125 0.467470734375 0.3731517859375 0.46658705312500004 0.3602913359375 0.46526190468750006 0.3447800921875 0.46393650781250007 0.3430307546875 0.46393650781250007 0.339987434375 0.46401016874999995 0.337042328125 0.46459920625000006
3 0.343700396875 0.458193453125 0.34664550312500003 0.4589298109375 0.35145601875 0.4595922625 0.35685548906250003 0.4601078875 0.36254927187499997 0.46040228125000004 0.368832340625 0.460917659375 0.373741071875 0.4612859625 0.3813002640625 0.46202207343749996 0.3875833328125 0.46261111093749996 0.39455324062499997 0.463641865625 0.3997566140625 0.463568453125 0.401818121875 0.46180133906250004 0.39906944375000003 0.460917659375 0.39337533125 0.4603286203125 0.3870922625 0.4592978671875 0.37717691875 0.458414434375 0.36637797656250004 0.45745709375 0.3579351859375 0.4570890375 0.348314484375 0.4565 0.34487830625 0.45561631875 0.34262037031250003 0.456352678125 0.343700396875 0.458193453125
3 0.41009986718749997 0.4618484625 0.419776125 0.46274627968750004 0.43104861093749997 0.463943453125 0.4444160046875 0.46491617031250004 0.4523964953125 0.46566418593750003 0.4596789015625 0.4661130953125 0.4672602515625 0.46671180625 0.47414351874999994 0.46708581406249994 0.48012896875 0.46775917656250005 0.48631382343749996 0.46828298593750006 0.4951921296875 0.4689563484375 0.5029732140625 0.469704365625 0.51205125625 0.47060218281250005 0.5169113750000001 0.47112599218750006 0.521899140625 0.4714250984375 0.52748545 0.471948909375 0.5316752640625 0.4720984625 0.53267295 0.47105109062499995 0.5286825390625001 0.47007862031250003 0.522896825 0.469105903125 0.51551455 0.46843253906250004 0.5059381609375 0.467534721875 0.501049934375 0.46708581406249994 0.49167295 0.46656200468750003 0.480200728125 0.46588864062499996 0.4706240078125 0.46499082343750003 0.459950065625 0.4638685515625 0.45167030468749997 0.4632700890625 0.4401984125 0.46222271875 0.42912533125 0.4611750984375 0.41984788437500004 0.460052828125 0.40777744687500006 0.45915525781250005 0.403986771875 0.45848189531249994 0.40032374375 0.45848189531249994 0.3983283734375 0.45840699375 0.3972311515625 0.45945436562499997 0.40102182500000005 0.4606515375 0.41009986718749997 0.4618484625
3 0.6576458328125 0.48346279687499993 0.651737434375 0.48425818437499996 0.6521921296875 0.4856217765625 0.65794874375 0.4865307546875 0.66158465625 0.4876669140625 0.66809920625 0.48846230156250003 0.6744619703125 0.48914409687499993 0.6818852515625 0.4894848703125 0.69521693125 0.4899392359375 0.7067308203125 0.49028025781249995 0.7244556875 0.4910756453125 0.7389993390625 0.4925525796875 0.7470287703125 0.493234375 0.755664021875 0.4938025796875 0.7571789015625 0.4920982140625 0.7502099875 0.49073462343749996 0.7452106484375001 0.48959846249999994 0.7370300921874999 0.487894096875 0.728546296875 0.487326140625 0.7176385578125 0.4864171625 0.706579034375 0.4857353671875 0.6987013890625 0.48516716249999997 0.686884590625 0.48471279687499996 0.6774917328125001 0.48471279687499996 0.6744619703125 0.48471279687499996 0.6658267203125 0.48414459374999996 0.6576458328125 0.48346279687499993
3 0.5421494703125 0.48699330312500005 0.5502361109375 0.487717509375 0.55808101875 0.488894096875 0.5688227515625 0.48988988125 0.5800469578125 0.491066715625 0.5956164015625001 0.49233382968750006 0.608409721875 0.49369171562499997 0.6142030421875 0.4941443453125 0.6208409390625 0.4942348703125 0.6318240734375 0.49559250937500005 0.6372549609375 0.4961356640625 0.6500486109375 0.49676934531250005 0.6612728171875 0.497674603125 0.6653763234375 0.49749355156249997 0.6710489421875 0.49803670625 0.6745489421875 0.4971314484375 0.6711696421875 0.49586408750000005 0.6641696421875001 0.49559250937500005 0.656927909375 0.49513988124999997 0.6457037031249999 0.49441592187500005 0.635806878125 0.493601190625 0.6286858468750001 0.4934201390625 0.615409721875 0.4919717265625 0.6056335984375 0.4908856640625 0.5881332671874999 0.489527778125 0.5776332671875 0.48835094218749997 0.5695466265625 0.487717509375 0.56025330625 0.4867217265625 0.550718915625 0.4857259421875 0.544442790625 0.4852733140625 0.5392529765625 0.4850017359375 0.5335803578125 0.4844588296875 0.5294768515625 0.483644096875 0.5270631609375 0.4844588296875 0.528873346875 0.4853638390625 0.533097553125 0.48563541718750003 0.5421494703125 0.48699330312500005
3 0.5969183203124999 0.487821925 0.60493055625 0.48882341250000005 0.6117982796875 0.4893958328125 0.6256292984375 0.490254215625 0.632115409375 0.4912557046875 0.6414629625 0.4917564484375 0.6456600531250001 0.49197122968749996 0.6495707671875001 0.492257440625 0.654149140625 0.492400296875 0.65872784375 0.49290128906249997 0.66216170625 0.49275818437499996 0.6616845234375 0.4915419140625 0.658632275 0.4909697421875 0.6523369703124999 0.49061185468749996 0.6453740078125 0.4901111109375 0.635167659375 0.4891810515625 0.6280138890625 0.4886088796875 0.623244709375 0.488251240625 0.6158998015625 0.48724950468749995 0.6107490078125 0.487178075 0.604167659375 0.48639112031250004 0.60025694375 0.48574727187500005 0.5984444437499999 0.48560416718750005 0.5942476859375 0.4854610609375 0.591290675 0.4861765875 0.5926259921875 0.4870349703125 0.5969183203124999 0.487821925
3 0.6723776453125 0.49498313437499997 0.68419146875 0.495862846875 0.6901402109375 0.49623983125000004 0.69692691875 0.496868303125 0.7076514546875 0.4974337796875 0.713516203125 0.49812500000000004 0.7205542328125001 0.4989419640625 0.7266339281249999 0.49940426562500007 0.73694874375 0.49993526718750003 0.7471623671875001 0.5008452375 0.75555555625 0.5015280265625 0.762634259375 0.50175545625 0.769814153125 0.502210565625 0.7726458328125 0.5022864578124999 0.7727470234375 0.5007693453125001 0.7695109125 0.5001626984375 0.7662748015624999 0.5000109125 0.761016534375 0.49963169687500003 0.7558591265625 0.49872172656249997 0.750802909375 0.498342509375 0.7418025796875 0.497735615625 0.7326001984375 0.49712896874999996 0.7229933859375001 0.4960672125 0.7161170640625001 0.49492956406250005 0.7087347890625 0.495384671875 0.6981167328125 0.49470188437499996 0.6904312171875 0.49447445468750006 0.6791643515625 0.493412203125 0.67145601875 0.4940404265625 0.6723776453125 0.49498313437499997