3 0.20291170625000002 0.4086827875 0.214431546875 0.41731696406249996 0.22937533124999998 0.42809747031249995 0.23853670624999998 0.434828125 0.24806117656249999 0.4420349703125 0.25747420625 0.4475935015625 0.2626445109375 0.4511966765625 0.2649120375 0.45235243125 0.26717989375 0.4522844734375 0.26228174531250004 0.448069196875 0.250943453125 0.4387953875 0.2449566796875 0.43403621093750006 0.23225760625 0.42411830312500004 0.223005621875 0.4167075890625 0.21113888906249997 0.4080865578125 0.1998002640625 0.399044146875 0.1904917328125 0.3916870046875 0.1817837296875 0.38597594218750003 0.175343584375 0.380876984375 0.1681686515625 0.37592261875 0.164086640625 0.3738149796875 0.16118419374999998 0.371435515625 0.15891633593750001 0.37061954375 0.1570115734375 0.371367559375 0.157920965625 0.37315525781250003 0.16771726250000002 0.3821974203125 0.1807791 0.39137574375 0.1902126328125 0.3985825890625 0.20291170625000002 0.4086827875
3 0.22838194375 0.40902132968749993 0.229689484375 0.410608134375 0.2331140875 0.41266170625000004 0.236725859375 0.4149486609375 0.2403994703125 0.4168154765625 0.243512896875 0.41830902812500004 0.2442602515625 0.4171421125 0.24282804218749998 0.4150419140625 0.23884292343750002 0.41210168593749996 0.2348578046875 0.4094880953125 0.23163525156250003 0.4072998515625 0.229689484375 0.4069677578125 0.2281329359375 0.40743452343750003 0.22838194375 0.40902132968749993
3 0.22519279062500003 0.41367261875 0.227457340625 0.415539434375 0.23034424531250003 0.41757614062500004 0.23628835937499998 0.4216919640625 0.24432870312500002 0.4271889875 0.263990740625 0.44185887968750004 0.272255953125 0.447459821875 0.27893617656249997 0.45236086249999996 0.2848630953125 0.456391865625 0.2931848546875 0.46216245 0.2999993390625 0.4673487109375 0.3098115078125 0.4743373015625 0.3156990734375 0.47883506875000004 0.3267450390625 0.48598586250000003 0.333538359375 0.49116245000000003 0.3383501984375 0.49341145781250006 0.34118088593749996 0.4927326390625 0.344973875 0.4929446921875 0.3500122359375 0.495490575 0.353861771875 0.4974424609375 0.3549937171875 0.49583010937500005 0.353182209375 0.49421750937500003 0.3486534390625 0.4912475203125 0.34549305625 0.48869072343750003 0.33949239375 0.48449007968749996 0.3332086640625 0.4798224203125 0.3259057546875 0.47484995 0.3202308203125 0.4709833828125 0.3109973546875 0.46426884843750005 0.3068650796875 0.46138368124999996 0.3018267203125 0.46061979218750004 0.2993921953125 0.46168055625 0.2948111765625 0.45910912656249997 0.286829034375 0.45350818437499996 0.281281084375 0.44956200468749996 0.27451488125 0.44487475156249995 0.26896693125 0.44071651718749993 0.2638720234375 0.4366431046875 0.257927909375 0.4321877484375 0.2522103171875 0.4283665671875 0.245902446875 0.4241235125 0.2410906078125 0.42060168593749997 0.2365615078125 0.417334325 0.2324857796875 0.41461880000000007 0.228777778125 0.412542659375 0.22604199687499998 0.4113812 0.22479662656250002 0.412102678125 0.22519279062500003 0.41367261875
3 0.26493187812499996 0.417643353125 0.26961574062500004 0.4207083328125 0.27250760625 0.4223407734375 0.275149140625 0.42333085312499996 0.2783267203125 0.425685515625 0.28089715625 0.42779935468749997 0.2835029765625 0.4304751984375 0.28525231406249996 0.43098363125 0.287358796875 0.4298598703125 0.28539517187499996 0.4277189984375 0.2818607796875 0.42458829375 0.2771127640625 0.4208422625 0.27350694375 0.417898809375 0.26661706406249996 0.4129739578125 0.259869709375 0.407943453125 0.253693453125 0.40331076406250005 0.246420634375 0.397898809375 0.242145503125 0.3951321921875 0.23846825468750002 0.392590278125 0.2361478171875 0.39109176562500003 0.234255621875 0.3907973703125 0.23357738125 0.39170709375 0.2349695765625 0.3935803578125 0.23671891562499997 0.3953998015625 0.238932209375 0.397353175 0.24114583281250002 0.3995473703125 0.24186871718749997 0.40006076406249996 0.2473306875 0.4044712296875 0.2517933203125 0.408351190625 0.2572562828125 0.41181002031249997 0.26493187812499996 0.417643353125
3 0.3007943125 0.437469990625 0.3043786375 0.440412203125 0.30977215625 0.44458283749999994 0.31495205 0.4482219734375 0.319560515625 0.45159920624999994 0.325568453125 0.45609548593750004 0.32980125625 0.4589352671875 0.333521825 0.46121255000000005 0.3361164015625 0.4633360609375 0.337652446875 0.4642061015625 0.338802909375 0.46501289687499997 0.3407827375 0.4655756453125 0.3415337296875 0.4645778765625 0.3408167984375 0.4635032234375 0.3366865078125 0.46017708281249997 0.3309517203125 0.45577653749999997 0.327026125 0.45247594218750004 0.322281084375 0.44899380000000005 0.31739980156250003 0.4454970234375 0.312024140625 0.4416029265625 0.3073134921875 0.43837921562500004 0.300802909375 0.43374652812500003 0.2994196421875 0.4328591265625 0.29864384843749997 0.43222495 0.2973125 0.4323529265625 0.296766534375 0.43347867031250004 0.29707374375 0.43465550625000005 0.3007943125 0.437469990625
3 0.38213955 0.505690971875 0.37366170625 0.4993025796875 0.3668078703125 0.49408755 0.36151157343749996 0.4894174109375 0.3545281078125 0.4843251484375 0.349024140625 0.4801220234375 0.34477943125 0.4768529265625 0.33802943124999996 0.47214384843749996 0.3307781078125 0.46677455312499994 0.323924271875 0.46148015937500003 0.317901125 0.457277034375 0.312137565625 0.45311284687500003 0.30517989375 0.44796527812500003 0.3004031078125 0.4450463796875 0.29422784375 0.440376240625 0.287737434375 0.43656225156249995 0.283064484375 0.43333209375 0.278858796875 0.43337103125 0.2811431875 0.43621205312500005 0.28493353125 0.43913070468750004 0.29048941875 0.4432237109375 0.29884920625 0.449722965625 0.30581613750000003 0.45590327343750003 0.31497784375000004 0.46241468281250003 0.3260376984375 0.47093774843749997 0.3369037703125 0.4783216765625 0.347288690625 0.485815971875 0.352633928125 0.48941195468750004 0.358085978125 0.4936540171875 0.3643025796875 0.4974370046875 0.371104496875 0.5024575890625 0.37544146875 0.5053018359375 0.3778300265625 0.5073643359375 0.3833247359375 0.5120776296875 0.3893998015625 0.515813740625 0.39251521093749997 0.517292659375 0.3941765875 0.5159303078125 0.3923204359375 0.5145384421875 0.38977215625 0.511956596875 0.38577414062500004 0.5085709328125 0.38213955 0.505690971875
3 0.36112896875 0.47750768906249996 0.3667463625 0.4818244046875 0.3723167984375 0.4858224203125 0.379968915625 0.490798859375 0.3850671296875 0.49497395781250003 0.38931580625 0.4978045640625 0.3943667328125 0.5012720734375 0.401258928125 0.50566790625 0.4090006609375 0.51115228125 0.41645932500000005 0.5163561515625 0.42174636249999997 0.520955853125 0.424578703125 0.5228665671875 0.427930225 0.524847965625 0.43233101874999996 0.5283588796875 0.43525793593750006 0.53026959375 0.438420634375 0.531154265625 0.44106415312499997 0.5305880453125 0.43860945781250005 0.5286066468749999 0.4317175921875 0.5234761906250001 0.42520304218750005 0.5182229656249999 0.41826355781249996 0.51321329375 0.40940773750000004 0.506912203125 0.40080787031250004 0.5007557046875 0.390343584375 0.49415426562500003 0.3798425921875 0.486237103125 0.37096792343749996 0.48005381874999997 0.36241865156249997 0.47399355156249995 0.3537800921875 0.46765997031250006 0.34972023750000003 0.46497098281250004 0.3450469578125 0.46129117031250005 0.34169510625 0.459309771875 0.3398541671875 0.45849603125 0.3385324078125 0.45849603125 0.3380601859375 0.45966369062499995 0.34029794999999996 0.46137599218750003 0.3434252640625 0.46393675625 0.34838194375 0.46782886875 0.353810846875 0.4722162703125 0.36112896875 0.47750768906249996
3 0.4235674609375 0.5399516375 0.42672486718749997 0.5429300593749999 0.43309391562500005 0.5483566468750001 0.44013789687499993 0.5537606640625 0.451237103125 0.56191170625 0.46027347812499997 0.5687490078125 0.47184391562499994 0.57581944375 0.48061739374999995 0.582777778125 0.486659721875 0.586879215625 0.49651256562499996 0.593652034375 0.5036438484375 0.5990111609375 0.5128432546874999 0.6048048109375 0.5204642859375 0.6098234125 0.5255813484375 0.613005953125 0.5289563484375 0.614066715625 0.5303171296875 0.612475446875 0.5273230812499999 0.6109657734375 0.5249824734375 0.6091297124999999 0.5218250656250001 0.60639608125 0.5177423937500001 0.6038665671875 0.5115912703125 0.599162946875 0.50647420625 0.595735615625 0.4997691796875 0.5915255453125 0.49307374375 0.58683358125 0.4863779765625 0.5823045640625 0.48183961562500005 0.579071428125 0.47694047656249994 0.5751545140625 0.4712791 0.5711560015625 0.4670873015625 0.568055059375 0.46093617656249997 0.5640565468750001 0.453343915625 0.5581592265624999 0.4481722890625 0.5545280265625 0.443763228125 0.551222965625 0.43709060781250003 0.546321925 0.4323002640625 0.5430987109375 0.425604828125 0.5384880953125 0.4232953046875 0.5368916171875 0.42198908749999997 0.5376669140625 0.4235674609375 0.5399516375
3 0.57596329375 0.626929315625 0.5708746687499999 0.623115328125 0.5655436515625001 0.6199064984375 0.556079365625 0.6138139875 0.5456593921875 0.6071545140625 0.536869378125 0.6015166171875 0.5310539015625 0.5978841765625 0.5259652781249999 0.5943122515625 0.5223303578125 0.5944938 0.5208763234375 0.5964915671875 0.5220879625 0.5984290671875 0.526902115625 0.60184300625 0.5329599875000001 0.6062021328125 0.54455489375 0.613373015625 0.5548131609375 0.6201537703125 0.5634900796875 0.6262194937500001 0.57261739375 0.6326369046875 0.5836025125 0.6397202375 0.5908720234375 0.644805803125 0.5958799609375001 0.6469853671875 0.598222221875 0.64625868125 0.597818453125 0.64413988125 0.5933759921874999 0.640991815625 0.589983465625 0.6373591265624999 0.5867123015625 0.6354181546875 0.585817790625 0.6340126484375 0.5813753312500001 0.630985615625 0.57596329375 0.626929315625
3 0.470240409375 0.5680468750000001 0.47240972187499997 0.5695334828124999 0.47395899531249996 0.571019840625 0.47922685156249994 0.5748752484375 0.483007275 0.578069196875 0.490568121875 0.58317881875 0.49695138906249997 0.5880563000000001 0.5038306875 0.5923762406249999 0.5099041 0.596742559375 0.5172791 0.6019915671875 0.5209976859375 0.6049181546875 0.5232906749999999 0.6042678578125 0.5236005296874999 0.602409721875 0.5220512562499999 0.6011091265624999 0.5175889546875 0.5979967765625 0.51163955 0.5933516859375 0.5045122359375 0.588706596875 0.4948349875 0.58152728125 0.4865925921875 0.575813740625 0.4804570109375 0.5709828875 0.4748792984375 0.566903521875 0.47395899531249996 0.566049603125 0.4716660046875 0.5662817453125 0.470240409375 0.5680468750000001
3 0.5668908734375 0.632704365625 0.5589897484375 0.6271125984375 0.5528561515625 0.6231592265625 0.5464775125 0.6191138390625001 0.5420003312499999 0.6158958328125 0.53893353125 0.6150682046875 0.5383816140625 0.6164474203125 0.5393627640624999 0.61778050625 0.5419084 0.6202537203125 0.54982010625 0.6254025296875 0.555524140625 0.6290548109375 0.5634239421875 0.63466319375 0.571335978125 0.6401639390625 0.58206944375 0.6477033734375001 0.5882027109375 0.6521165671875 0.5938452375 0.6560701890625 0.5976481484375 0.6585984625 0.6004692453125 0.65772495 0.5992427250000001 0.6556103671875 0.5954401453125 0.6533578875 0.5904718921875001 0.6500478671875001 0.5875892859375 0.64719766875 0.5809040999999999 0.64240228125 0.57682705 0.639508184375 0.5730856484375 0.6369796625 0.5668908734375 0.632704365625