2 0.346853175 0.44681894843750003 0.347980159375 0.44557713281250005 0.347714946875 0.44448412656249997 0.3449973546875 0.444285465625 0.3433406078125 0.44458358125 0.342876653125 0.445825396875 0.343472884375 0.4467693453125 0.3450638234375 0.44746478125 0.346853175 0.44681894843750003
2 0.20302843906249998 0.39082266875 0.2042215609375 0.3901768359375 0.2042876984375 0.38903422656250003 0.20216666718749998 0.3879412203125 0.200112103125 0.3878916171875 0.1997476859375 0.38911011875 0.200112103125 0.3897296625 0.20123875624999998 0.39047495 0.20302843906249998 0.39082266875
2 0.15943353124999998 0.3841954359375 0.1598974875 0.383301090625 0.15890343906249998 0.38210887968749996 0.1567162703125 0.38191021875 0.15583796249999998 0.3830828375 0.1564510578125 0.3840959828125 0.15777645468749998 0.3845431546875 0.15943353124999998 0.3841954359375
2 0.0939186515625 0.35324007968750004 0.09519345312500001 0.3522844734375 0.0943171296875 0.35055257968750003 0.09224537031249999 0.3500749015625 0.09083101875 0.3510892859375 0.0910502640625 0.3519263390625 0.092085978125 0.35252331406250004 0.0939186515625 0.35324007968750004
2 0.0593667328125 0.4002931546875 0.059109789062499994 0.398623015625 0.057052909375 0.397980903125 0.0553389546875 0.39823784687499997 0.05463194375 0.39939236093749997 0.055681878124999994 0.4002931546875 0.05722453749999999 0.4007428078125 0.0593667328125 0.4002931546875
2 0.0481405421875 0.3895662203125 0.046255290625 0.3883459828125 0.044027115625 0.38898834375 0.043919973437499996 0.3907155265625 0.0458267203125 0.3915575390625 0.047968915625000004 0.3909794140625 0.0481405421875 0.3895662203125
2 0.027487434375 0.40048586249999996 0.027230489062500002 0.3988799609375 0.0251736109375 0.3984947921875 0.0232453703125 0.399553075 0.023973875 0.40080704375 0.0260304234375 0.4011282234375 0.027487434375 0.40048586249999996
2 0.0355429890625 0.4099923109375 0.034771825 0.4081294640625 0.032200728125 0.4074873515625 0.0303154765625 0.40919394843749995 0.031515210937499996 0.41018502031250004 0.033572090625 0.41069890937500003 0.0355429890625 0.4099923109375
2 0.0393134921875 0.4126899796875 0.041027446875 0.41191939531250005 0.03948511875 0.410634671875 0.0370856484375 0.41005654687500004 0.0358859125 0.41144345312499997 0.036571428125 0.41191939531250005 0.0375995375 0.41243303593749997 0.0393134921875 0.4126899796875
2 0.0336577375 0.4166083828125 0.032971892187500004 0.415259425 0.030744046874999997 0.41493824375 0.0291372359375 0.4158623515625 0.029972553125000002 0.4167366078125 0.031600859375 0.41712202343750004 0.0336577375 0.4166083828125
2 0.121240409375 0.4149099703125 0.12115443125 0.41349702343750006 0.11918353125 0.412983134375 0.116869709375 0.41337177656249996 0.11738392812500001 0.41497420625 0.11944080625 0.4153596234375 0.121240409375 0.4149099703125
2 0.4372529765625 0.48104588281250005 0.43926785781250005 0.48112524843750004 0.440858134375 0.47993328437500005 0.4407523140625 0.47866170625000004 0.43841931250000005 0.477072171875 0.434178240625 0.4765158734375 0.43112962968749996 0.477764384375 0.43173941875 0.479059028125 0.43439021093749997 0.480251240625 0.4372529765625 0.48104588281250005
2 0.455531084375 0.5392197421875 0.4559424609375 0.5377547125000001 0.45419378281249995 0.5368296124999999 0.4513138234375 0.5371381453125 0.450902446875 0.5383829359375001 0.4515195109375 0.5392966265625 0.4530625 0.5396822921875 0.455531084375 0.5392197421875
2 0.41877380937500003 0.5280756453125 0.419928240625 0.528372271875 0.421214615625 0.5283229171875 0.42141236718749997 0.527210565625 0.421148478125 0.5264935515625 0.42009325468750003 0.5260486109375 0.41801355781250005 0.5255151296875 0.41705886249999996 0.5253812 0.41605919374999994 0.525943453125 0.416399140625 0.5267408234375 0.417223875 0.5275813484375 0.41877380937500003 0.5280756453125