3 0.4915317453125 0.5446294640625 0.4952800921875 0.5209508921875 0.496866071875 0.4985696921875 0.4960009921875 0.4979208828125 0.49389087343750004 0.49955084375 0.4899457671875 0.5383583828125 0.49008994687499996 0.542899553125 0.4915317453125 0.5446294640625
3 0.478843915625 0.54430381875 0.4802857140625 0.534680803125 0.481439153125 0.5090560515625 0.48100661406249995 0.5085153765625 0.479853175 0.5090560515625 0.476681546875 0.5419250984375 0.476681546875 0.544195684375 0.478843915625 0.54430381875
3 0.4759606484375 0.4860751484375 0.47711375624999997 0.48650768906249997 0.480862434375 0.45276116093749996 0.4831693125 0.4331912203125 0.4817275125 0.4318936015625 0.48073247343750003 0.432902778125 0.47711375624999997 0.4693390375 0.47653736718750006 0.4718258921875 0.4759606484375 0.4860751484375
3 0.46428207656250003 0.5013700390625 0.4670214953125 0.5054786703125 0.468751653125 0.487638640625 0.4696167328125 0.47077157812500003 0.4690400125 0.47012301562500003 0.46703340000000004 0.4708908734375 0.465435515625 0.492287946875 0.46399371718750004 0.4927204859375 0.46428207656250003 0.5013700390625
3 0.4866296296875 0.4843950890625 0.48749470937500006 0.4943422625 0.48864814843750004 0.49531522812500006 0.489369046875 0.49315277812499997 0.4922526453125 0.46147321406249997 0.49100694375 0.4612924109375 0.4896574078125 0.46374380000000004 0.48893650781250003 0.471528521875 0.48691798906250006 0.473150296875 0.4866296296875 0.4843950890625
3 0.46442625625 0.5761607140625 0.46716567500000006 0.5784313 0.46889583281249997 0.569241071875 0.47033763281249996 0.5683759921875 0.472788690625 0.5510766375 0.4716352515625 0.5495627484375001 0.472067790625 0.539615575 0.47149107187499995 0.5385344734374999 0.46991732812500003 0.5391614578125 0.46745403437500005 0.56113194375 0.4660122359375 0.5621049109375 0.46442625625 0.5761607140625
3 0.433536375 0.6003588796875 0.43295965625 0.6047919140625 0.4341130953125 0.6052244546875001 0.4356990734375 0.5923578875 0.4367083328125 0.5788427578124999 0.43685251249999996 0.573869046875 0.4361316140625 0.5732202375 0.4354107140625 0.5770047125 0.43368055625 0.5918172125 0.43339219531250006 0.5958177078125 0.433536375 0.6003588796875
3 0.447762565625 0.6266470734375 0.4478832671875 0.6313578875 0.4478832671875 0.63344146875 0.4488495375 0.6341661703125 0.45029927187499996 0.6253787203125001 0.45114484062500004 0.6185843249999999 0.45174900781250005 0.6129677578125 0.45223214218749996 0.608981646875 0.4525945765625 0.60381795625 0.452835978125 0.5969327875 0.45186970937500004 0.5964799109375 0.450178571875 0.6058107640625 0.4500648140625 0.6098754953125 0.449333003125 0.6123335812499999 0.4482457015625 0.6228422625000001 0.447762565625 0.6266470734375
3 0.480501984375 0.5007348703125001 0.4824348546875 0.5012782734375001 0.483401125 0.490044890625 0.4842470234375 0.47908333281250004 0.484730159375 0.47156423593749996 0.4849715609375 0.4662192453125 0.483159721875 0.464044890625 0.481931878125 0.46681398749999997 0.479777115625 0.4926721234375 0.48098511874999994 0.4949370046875 0.480501984375 0.5007348703125001
3 0.49162003906249996 0.4347688484375 0.4906537703125 0.44346577343750004 0.49294874375 0.4441904765625 0.49355290937499996 0.43712425625 0.494277778125 0.4280649796875 0.49536507968750004 0.418552828125 0.4962106484375 0.410037203125 0.49596891562499995 0.40710912656250003 0.49488161406250003 0.406928075 0.4941650125 0.4084791671875 0.4933111765625 0.41556324375000003 0.49234490781250007 0.42435069375 0.49162003906249996 0.4347688484375
3 0.48823644218749995 0.40390352187499995 0.48726851875 0.4095483625 0.48716104531250004 0.4134188984375 0.4886666671875 0.4143060515625 0.49060218281249995 0.41777356093750007 0.491354828125 0.40987078437499996 0.492645171875 0.40212946406250005 0.4930446421875 0.3924541171875 0.49335548906250004 0.3870932546875 0.49273412656250004 0.3862775296875 0.491737103125 0.38952356093749996 0.4895267859375 0.3947911703125 0.48888161406249997 0.40108110156250004 0.48823644218749995 0.40390352187499995
3 0.4914642859375 0.383837053125 0.4910340609375 0.38528844218749997 0.49167923281250003 0.386014384375 0.492431878125 0.38238541718749997 0.4931848546875 0.373595734375 0.49501289687499994 0.3610158734375 0.4949050921875 0.3593224203125 0.4924401453125 0.36037673593749997 0.4909265875 0.37625694374999996 0.4901739421875 0.382546875 0.4914642859375 0.383837053125
3 0.47151124375000003 0.4240922625 0.47142625625 0.42822569374999997 0.47134159999999997 0.4298157234375 0.4739702375 0.43089682500000004 0.4755816796875 0.4135989578125 0.4777017203125 0.3939481640625 0.47719279062500003 0.3926763390625 0.47507705 0.393059771875 0.4731223546875 0.4071123515625 0.4719351859375 0.41696949375000003 0.47151124375000003 0.4240922625
3 0.47083267187500005 0.4187502484375 0.4711719578125 0.4159521328125 0.4716808859375 0.4078754953125 0.4716808859375 0.4033603671875 0.47057837343750003 0.402787946875 0.46998809531249996 0.4033172125 0.46879761875000003 0.4179233625 0.468882275 0.418940971875 0.47083267187500005 0.4187502484375
3 0.4829599875 0.42651016875 0.48355357187500003 0.4218040671875 0.4838925265625 0.41690724218749997 0.48414715625 0.412201140625 0.4844014546875 0.40902157812500006 0.48338392812500003 0.40895783750000003 0.48281646875 0.4093603671875 0.48143353125 0.4258740078125 0.48151818750000003 0.4268916171875 0.4829599875 0.42651016875
3 0.46040343906250003 0.6082313984375001 0.459781415625 0.6142291671875 0.45898148125000005 0.619626984375 0.45898148125000005 0.6228256453125 0.45889285781250005 0.623891865625 0.46049239374999995 0.6250248015625 0.460847553125 0.6222924109375 0.4617364421875 0.6216927078125 0.46200297656249995 0.6207596718749999 0.4610254625 0.6200267859374999 0.46164748749999995 0.6180942453125 0.461914021875 0.6150954859375 0.46218055625 0.6100974703125 0.46333597812500005 0.609830853125 0.46315806875 0.61396255 0.4632470234375 0.6150954859375 0.46466865156250003 0.6152286703125001 0.46564616406250003 0.606498759375 0.4671570765625 0.5987686015625 0.4675122359375 0.5939037703125 0.46786772499999996 0.589305803125 0.4674236109375 0.587972965625 0.46564616406250003 0.588705853125 0.465290675 0.59303745 0.464402115625 0.593370784375 0.463958003125 0.5897720734375 0.46333597812500005 0.589572171875 0.462608796875 0.5914424609375 0.461914021875 0.5959030265624999 0.46155853125 0.6004345234375 0.46040343906250003 0.6082313984375001