2 0.36877744687499997 0.3648923609375 0.3707929890625 0.3654640375 0.3724818125 0.3652599203125 0.37313558125 0.3641984125 0.37280853125 0.3632182546875 0.37155555625000003 0.3624017859375 0.3703025796875 0.36146255 0.369049603125 0.3611359125 0.3669877640625 0.3611247515625 0.36632572812499997 0.36232018906249996 0.36648941874999996 0.363544890625 0.3675244703125 0.364280009375 0.36877744687499997 0.3648923609375
2 0.2908859125 0.33201760937499997 0.29208564843749996 0.330918403125 0.29188558124999997 0.3296693953125 0.2910191796875 0.329169890625 0.28981944375 0.3291200390625 0.288353175 0.3293697921875 0.288086309375 0.3296693953125 0.2879365078125 0.330564484375 0.288286375 0.331018353125 0.2892860453125 0.33181770781250003 0.2908859125 0.33201760937499997
2 0.0162470234375 0.2798142359375 0.0168591265625 0.2790024796875 0.0158700390625 0.2785084328125 0.014598545312499999 0.2787202375 0.01379795 0.27935540625 0.0139864421875 0.27995560468749997 0.01506944375 0.28030853125 0.0162470234375 0.2798142359375
2 0.025665343750000003 0.290368303125 0.02665443125 0.289450396875 0.025712632812500004 0.2885327375 0.024064153125 0.28814459375 0.0227457015625 0.2885327375 0.0225102515625 0.2897328875 0.0234990078125 0.2898740078125 0.024441137499999998 0.290226934375 0.025665343750000003 0.290368303125
2 0.0446200390625 0.2796686515625 0.044054893750000004 0.2787509921875 0.043066137500000004 0.278186259375 0.04108829375 0.2779744546875 0.040287698437500005 0.27843328437500003 0.040287698437500005 0.2792450390625 0.04055853125 0.2800912703125 0.0422655421875 0.2811510421875 0.043442790625 0.28143353125 0.044667328125 0.280762896875 0.0446200390625 0.2796686515625
2 0.028208332812499997 0.285716021875 0.0276431875 0.28486904687500003 0.0266071421875 0.28486904687500003 0.025995039062500003 0.28501016875 0.0254771828125 0.2855749015625 0.025076720312500002 0.28622817500000003 0.02637169375 0.28677505000000003 0.0271722890625 0.2869161703125 0.028302579687500003 0.286704365625 0.028208332812499997 0.285716021875
2 0.0196256609375 0.29286855156249997 0.0194844578125 0.2926919640625 0.0183541671875 0.29230381875 0.017365409374999998 0.2923390375 0.01647056875 0.2926567453125 0.0163647484375 0.2932477671875 0.01717691875 0.294209821875 0.0182602515625 0.2946334328125 0.0193902109375 0.29410391874999997 0.0196256609375 0.29286855156249997
2 0.077328703125 0.23984424531249998 0.0773925265625 0.23869320468750002 0.07662466875 0.23821378906250001 0.0751531078125 0.238165675 0.07502513281249999 0.23924429531250002 0.075281084375 0.240084078125 0.07630489375 0.24032390937499998 0.077328703125 0.23984424531249998
2 0.0860191796875 0.32969940468750003 0.086943121875 0.3295954859375 0.08726653437500001 0.3291453375 0.086943121875 0.3283489578125 0.085834325 0.32789880937500004 0.08486441875 0.32793353125 0.08419444375 0.32860069375 0.084494709375 0.3291453375 0.0850029765625 0.3294223703125 0.0860191796875 0.32969940468750003
2 0.10205324062500001 0.3200751484375 0.103036375 0.3198645828125 0.10384391562499999 0.319259425 0.10391402187500001 0.318654265625 0.103071428125 0.318233134375 0.10194808125000002 0.31807539687499997 0.10110548906250001 0.3184962796875 0.10049107187499999 0.319120784375 0.1005085984375 0.319443453125 0.10131613749999999 0.3199171625 0.10205324062500001 0.3200751484375
2 0.1179563484375 0.32737425625 0.11922023749999999 0.3278216765625 0.119992725 0.3279005453125 0.120799934375 0.3275322421875 0.12090542343749999 0.326769096875 0.1205892859375 0.3259796625 0.1198171296875 0.3256376484375 0.11844775156250001 0.3257428078125 0.1172893515625 0.3258216765625 0.116833003125 0.3264270828125 0.11718419375 0.3269268359375 0.1179563484375 0.32737425625
2 0.1296240078125 0.26969915625 0.1302470234375 0.26950247968749996 0.1308700390625 0.2691830359375 0.13119808125000001 0.2686912203125 0.1306078046875 0.268248759375 0.12991898125 0.2680275296875 0.12952546250000002 0.2677080859375 0.1287056875 0.2674375 0.128049603125 0.2677080859375 0.12782010625 0.2683224203125 0.1279510578125 0.269232390625 0.128016865625 0.26945337343750003 0.1287711640625 0.2697728171875 0.1296240078125 0.26969915625
2 0.166119378125 0.2762584328125 0.167103175 0.2762584328125 0.1676279765625 0.2761108625 0.1682182546875 0.27579141875 0.168579034375 0.27520138906249997 0.1683167984375 0.27461135937500003 0.1674312171875 0.2740952375 0.1664143515625 0.27367733125 0.16543055625 0.2738985609375 0.1647089953125 0.2744637890625 0.164380953125 0.2748571421875 0.1642827375 0.2755947421875 0.1647089953125 0.275815971875 0.165233796875 0.2760126484375 0.166119378125 0.2762584328125
2 0.38023015937500004 0.41954365156250006 0.3813921953125 0.42019692500000005 0.38274834687500003 0.4203422625 0.38318419375 0.41954365156250006 0.38366865156249996 0.418491071875 0.3832324734375 0.41758358125 0.3821187171875 0.4170389390625 0.3807142859375 0.4166396328125 0.3796005296875 0.4165307546875 0.3788740078125 0.41718427656249996 0.3776875 0.41784747031249997 0.37771164062499996 0.41816418593750004 0.378680225 0.41878149843749995 0.38023015937500004 0.41954365156250006
2 0.3511845234375 0.407967509375 0.352637565625 0.40785863125 0.352976521875 0.406878471875 0.35225 0.40629786718750005 0.3506517859375 0.4057170140625 0.3491021828125 0.4057170140625 0.348266865625 0.4061790671875 0.34886011875 0.4066607140625 0.3496832015625 0.407277778125 0.3511845234375 0.407967509375