3 0.340693453125 0.5989040171875 0.35100033124999996 0.582472221875 0.363776125 0.5609528765625 0.3626058203125 0.5602517359375 0.3493740078125 0.582025296875 0.33918353125 0.5983658234375 0.340693453125 0.5989040171875
3 0.2605945765625 0.709443453125 0.2627751328125 0.7060317453125 0.27613392812500004 0.684556546875 0.2836759265625 0.672251240625 0.284487103125 0.6718581343750001 0.2989785046875 0.649484375 0.30092724843749996 0.6464250984375 0.30659556875 0.6371870046875 0.3047175921875 0.6371460812499999 0.2802291671875 0.67483978125 0.259213625 0.7091428578125 0.2605945765625 0.709443453125
3 0.24164980156250002 0.7175714281250001 0.2426957671875 0.719467509375 0.23999107187500002 0.724735615625 0.24099173281250003 0.72478745 0.2423961640625 0.7229067453125 0.24960482812499998 0.710740575 0.259039021875 0.6956748515625 0.2579619703125 0.6951875000000001 0.25585152187500004 0.69843824375 0.254512896875 0.6992740578125 0.24164980156250002 0.7175714281250001
3 0.22642691875 0.758494046875 0.2274292328125 0.758727678125 0.23135284375 0.7522921625000001 0.23977777812499998 0.73673834375 0.2474732140625 0.723724703125 0.2502731484375 0.719181546875 0.248825728125 0.7193712796875 0.244141203125 0.726315228125 0.23431878281250001 0.744392609375 0.22642691875 0.758494046875
3 0.21917162656250003 0.7790476187500001 0.22735747343749999 0.76566790625 0.2331061515625 0.7557869546875 0.2387030421875 0.7454126984375 0.23713690468749998 0.7450667156249999 0.230660053125 0.7570592765625 0.218146825 0.7783157234375 0.21917162656250003 0.7790476187500001
3 0.2692490078125 0.716261409375 0.272810846875 0.710355903125 0.27130092656250004 0.7099513890625 0.268035053125 0.7144928078125 0.2666164015625 0.7147509921874999 0.2554093921875 0.7346877484375 0.2569239421875 0.735003471875 0.26657804218750003 0.720429315625 0.267887565625 0.7176192953125 0.2692490078125 0.716261409375
3 0.27786011875 0.6507135421875 0.2793002640625 0.650754215625 0.28248710312499997 0.6467919140625 0.284476190625 0.646180803125 0.29224239375 0.6345674609375 0.301954365625 0.6185275296875 0.300821428125 0.6176981640625 0.286726190625 0.639110615625 0.2852827375 0.63884920625 0.27786011875 0.6507135421875
3 0.410975859375 0.48107614062500004 0.41163855781249997 0.48145114062500005 0.420402778125 0.4681431046875 0.426166996875 0.45904637968750006 0.42733862499999997 0.4569697421875 0.42536871718749997 0.4566733625 0.42530257968749996 0.45679216250000004 0.42154795 0.46305307500000004 0.410975859375 0.48107614062500004
3 0.3834183203125 0.5133623515625 0.3846663359375 0.512768353125 0.38857374375 0.5060208328125 0.39759920625 0.4936937 0.40626025156249995 0.4806733625 0.404553571875 0.4803360609375 0.38379927187499996 0.5103618546875001 0.378023478125 0.518884425 0.36584920625 0.5372864578125001 0.3669123671875 0.537543403125 0.3765767203125 0.5231696421875001 0.37895767187499996 0.520519840625 0.3834183203125 0.5133623515625
3 0.4132529765625 0.45395337343750003 0.41434193124999996 0.45263789687499995 0.4206531078125 0.44165079374999994 0.426741071875 0.4331381453125 0.42672486718749997 0.4316170640625 0.430387896875 0.4258747515625 0.42899603124999997 0.42503273750000004 0.42060119062499995 0.4389045140625 0.4119255953125 0.45294940468749995 0.4132529765625 0.45395337343750003
3 0.48281646875 0.3844977671875 0.48157308125 0.384367559375 0.465540675 0.4086078875 0.46700396875 0.40968824374999996 0.477303571875 0.39416245 0.4768538359375 0.3936436015625 0.48281646875 0.3844977671875