2 0.4338336640625 0.3707547125 0.434075728125 0.37426016875 0.43447883593750003 0.3789141859375 0.435285053125 0.38084821406249997 0.43722056875000004 0.3831450890625 0.43883333281250003 0.384293403125 0.440284721875 0.3845954859375 0.4418974875 0.3832053578125 0.44213955 0.3810900296875 0.4422199078125 0.37691964218749996 0.4420588625 0.3730513390625 0.44109127031249995 0.3682765375 0.44060714218749997 0.36531497968750004 0.440123346875 0.363199653125 0.4393171296875 0.3614466765625 0.43796627031249996 0.360316715625 0.4357688484375 0.36223263906250003 0.43447883593750003 0.364831596875 0.4338336640625 0.3676118546875 0.4338336640625 0.3707547125
2 0.46694808125 0.38975917656250003 0.46823908750000004 0.3896140875 0.46852976249999995 0.38888839218750004 0.468045634375 0.3882110609375 0.46669808125 0.387972965625 0.46649636250000004 0.3885982140625 0.46636739374999997 0.389178571875 0.46694808125 0.38975917656250003
2 0.4558707015625 0.437040675 0.45675529062500003 0.43623040625 0.45685350468749997 0.43534672656250006 0.455281084375 0.4351994046875 0.45424933906250003 0.43575173593749994 0.45464252656250004 0.4367829859375 0.4558707015625 0.437040675
2 0.45041699687500003 0.44473735156250005 0.4513998015625 0.4445900296875 0.451792659375 0.44392733125 0.45095734062500004 0.44315401718749997 0.44920105781249997 0.44340624999999995 0.449335978125 0.44403769843749996 0.44953273749999995 0.44444295624999997 0.45041699687500003 0.44473735156250005
2 0.44231018593749993 0.4477204859375 0.4430962296875 0.44819915625 0.44442261875 0.4480518359375 0.44476653437499997 0.4472048609375 0.4442754625 0.446726190625 0.442998015625 0.44658457343749997 0.4427030421875 0.44702083281249994 0.44250661406249997 0.44727852187500006 0.44231018593749993 0.4477204859375
2 0.45071197031250004 0.4479045140625 0.45164550312499996 0.4477204859375 0.45189087343749995 0.446726190625 0.45125231406250005 0.44621056562500006 0.4495816796875 0.446431546875 0.44963095312499995 0.4469838796875 0.4499255953125 0.44760987031250005 0.45071197031250004 0.4479045140625
2 0.4544460984375 0.44609994999999997 0.4553796296875 0.44609994999999997 0.45601818749999995 0.4453266375 0.45572354531250003 0.4445533234375 0.454237103125 0.44460391875000005 0.454052909375 0.4449216265625 0.454052909375 0.44528993124999994 0.4544460984375 0.44609994999999997
2 0.466483465625 0.44842013906249995 0.46736805625000005 0.448677828125 0.4680558859375 0.44849379999999994 0.4681541 0.447315228125 0.46726984062500004 0.4466892359375 0.4660413359375 0.4468735125 0.4660413359375 0.4473888890625 0.4660413359375 0.44764682499999997 0.466483465625 0.44842013906249995
2 0.5161240078125 0.44817733125 0.5179963625 0.44831324375000003 0.519023478125 0.4477700890625 0.5186005296875 0.44645709375 0.516848875 0.44627579375000004 0.516365409375 0.44672867031249996 0.5157615734375 0.4472720734375 0.5161240078125 0.44817733125
2 0.43962103125 0.47375868125 0.441016534375 0.4731049109375 0.44084193125000004 0.4719935515625 0.4390102515625 0.47153596249999996 0.43796362499999997 0.47245114062500004 0.4382251984375 0.47336631875 0.43962103125 0.47375868125
2 0.46249470937500003 0.4715987109375 0.463803240625 0.4724486609375 0.46511144218749995 0.4724486609375 0.46633267187499994 0.4716641859375 0.46598379687499997 0.4704873515625 0.46397751249999997 0.469964534375 0.46336706406249994 0.4700952375 0.4626693125 0.47087971250000005 0.46249470937500003 0.4715987109375
2 0.514740740625 0.4880079359375 0.5161365734375 0.48787723281249995 0.5161365734375 0.486373759375 0.515700396875 0.4854583328125 0.514130290625 0.4853931046875 0.5140429890625 0.48650446406250003 0.5138687171874999 0.487158234375 0.514740740625 0.4880079359375
2 0.525207671875 0.510235615625 0.5259054234375 0.5103663187499999 0.52695205 0.5091897328125 0.5265158734375001 0.5075553078125 0.5246405421875 0.5078122515625 0.5243353171875 0.5087973703124999 0.524509590625 0.5093859125 0.525207671875 0.510235615625
2 0.457435846875 0.4981411203125 0.458744378125 0.49801041718750005 0.45952943125 0.497356646875 0.4594421296875 0.4963759921875 0.4583082015625 0.4960491078125 0.4570433203125 0.4964459328125 0.457 0.49702976249999997 0.457 0.49742212343750003 0.457435846875 0.4981411203125
2 0.5331577375000001 0.601956596875 0.5351498015625 0.60201636875 0.5362652109375 0.6016579859375 0.535946428125 0.5997467765625 0.5346716265625 0.5990900296875 0.5332374343749999 0.5995079359375 0.5325998671875001 0.600762153125 0.532520171875 0.601359375 0.5331577375000001 0.601956596875
2 0.494755290625 0.7020448906250001 0.496834325 0.700584078125 0.49592493437499996 0.6986361609375 0.493130953125 0.6976927078124999 0.49306613749999995 0.6992204859375 0.49306613749999995 0.7006813000000001 0.494755290625 0.7020448906250001
2 0.5420634921875 0.6650885421875 0.5433468921875 0.6659766859375 0.5455195109375001 0.66568055625 0.5451243390625 0.663090278125 0.54502579375 0.6619060015625 0.5436431875000001 0.6601297125000001 0.5413720234375 0.66025545625 0.5416683203125 0.6613139875 0.5416683203125 0.6630161203125 0.5420634921875 0.6650885421875
2 0.48955555625 0.676069196875 0.491333003125 0.6763650796875 0.4923204359375 0.6756249999999999 0.49192526406250003 0.6739967765625 0.49014781718749995 0.67293824375 0.48935780468749995 0.6739967765625 0.489259259375 0.6746629468750001 0.48955555625 0.676069196875