2 0.40700165312500003 0.4250220734375 0.41129827968750005 0.4257264390625 0.4122380953125 0.4236130953125 0.40888128281249997 0.42109722187500004 0.4018994703125 0.416669146875 0.3899494046875 0.41012747968749996 0.38243055625 0.4058000984375 0.37705985468750003 0.4049950390625 0.374911375 0.40650471250000003 0.378133928125 0.40912475156249994 0.3841759265625 0.413951884375 0.3929034390625 0.4194868546875 0.40176521093749995 0.42331125937499997 0.40700165312500003 0.4250220734375
2 0.6503683859375 0.4622524796875 0.6490873015624999 0.4609322921875 0.6470059531250001 0.46033209375000006 0.6463852515624999 0.4619119546875 0.647406084375 0.4634526296875 0.6494877640625 0.463092509375 0.6503683859375 0.4622524796875
2 0.61137896875 0.4522911703125 0.60993783125 0.45139112031249995 0.6084169968750001 0.45151116093750004 0.6079563484375 0.4526049109375 0.6096977515625001 0.45385143906250003 0.6110588625 0.4533712796875 0.61137896875 0.4522911703125
2 0.776680225 0.5321639390625 0.7778042328125 0.530803075 0.7765072749999999 0.530090278125 0.773567790625 0.52976636875 0.7726170640625 0.5309327875000001 0.77313558125 0.5319047625 0.7746917984375 0.532487846875 0.776680225 0.5321639390625
2 0.8632999343750001 0.57672495 0.865005290625 0.5770443953125 0.8672791 0.576884671875 0.8663554890625 0.57464756875 0.8636550921874999 0.5731029265625 0.8615231484375 0.5718779765625001 0.858751984375 0.5724107140625 0.8569755296875 0.5737423109375 0.8576150796875 0.57459449375 0.8603862437500001 0.576351934375 0.8632999343750001 0.57672495
2 0.8705916 0.6400109125 0.8716150796875001 0.6388896328125 0.8706706343749999 0.6368834328124999 0.86775760625 0.636234375 0.8661041671874999 0.6367063484375 0.864608465625 0.6380047125 0.8661041671874999 0.6393028281250001 0.8678363093750001 0.64012896875 0.8705916 0.6400109125
2 0.83408829375 0.623033234375 0.8357635578125 0.62361631875 0.8365413359374999 0.623033234375 0.83630191875 0.6218675593749999 0.835285053125 0.620880953125 0.8337893515625 0.6201185515625001 0.831994378125 0.6199392359375 0.83079795 0.6207911703125 0.8312166 0.6216431046875 0.832472884375 0.622226190625 0.83408829375 0.623033234375
2 0.49793551562499994 0.47453695468749996 0.4985320765625 0.474040178125 0.4982671953125 0.472947171875 0.4960800265625 0.47245039687499996 0.4951851859375 0.47318055625 0.495483465625 0.4742388390625 0.49627877031249995 0.47463640937499996 0.49793551562499994 0.47453695468749996
2 0.52073545 0.4605208328125 0.521994709375 0.460073909375 0.521862434375 0.45922916718750006 0.52060284375 0.45808680625 0.519542659375 0.4576396328125 0.51730555625 0.458454365625 0.5181507937500001 0.45942807500000005 0.519144840625 0.4599744546875 0.52073545 0.4605208328125
2 0.51324603125 0.45098288750000004 0.5137099875 0.4500885421875 0.5124507281249999 0.4492936515625 0.5103961640625 0.4488467265625 0.5104623015625 0.44969122031250003 0.5102635578125 0.45058531718749995 0.5106610453125 0.45157886875 0.512251984375 0.45157886875 0.51324603125 0.45098288750000004
2 0.49939384843749995 0.4684196421875 0.500189153125 0.46772420625000005 0.500255290625 0.4667306546875 0.49912863749999997 0.4662834828125 0.49694146874999995 0.46648214218749995 0.49601355781249995 0.46733978125000003 0.49694146874999995 0.46792286718750004 0.4982671953125 0.4684692453125 0.49939384843749995 0.4684196421875
2 0.5037681875 0.46990997031250004 0.5040995374999999 0.4691150796875 0.5029067453125 0.4682705859375 0.50164715625 0.4683204359375 0.5006531078124999 0.4690796125 0.50124966875 0.46981076406250005 0.502575065625 0.47010863125 0.5037681875 0.46990997031250004
2 0.49286540937499995 0.45860416718749997 0.494257275 0.4587036203125 0.49452215624999996 0.4578092765625 0.49438988124999994 0.45696478125000006 0.4936607140625 0.45661706406249997 0.49220271093749995 0.4566666671875 0.4912083328125 0.4570873015625 0.4916061515625 0.4578092765625 0.4920036375 0.45800793593750005 0.49286540937499995 0.45860416718749997
2 0.5697562828125 0.4790942453125 0.57092989375 0.47919568437500004 0.571652115625 0.478857390625 0.5719679234374999 0.47814707343749996 0.571652115625 0.47726736093750005 0.5709751984375 0.47709821406249997 0.5695307546875 0.47730133906249994 0.56831216875 0.4776123515625 0.5685376984375 0.4779439484375 0.5689890875 0.4784513890625 0.5697562828125 0.4790942453125
2 0.5782142859375 0.5060178578125 0.5789120375000001 0.505355159375 0.578307209375 0.50472743125 0.5774232796875001 0.5042740578125 0.5763065468749999 0.5044136906250001 0.5759226187500001 0.5053224203125 0.5763065468749999 0.5062619046875 0.5772837296875 0.506540921875 0.5782142859375 0.5060178578125
2 0.581704034375 0.5062271828125 0.581005953125 0.5058435015625 0.5798425921875 0.5059481640625 0.5800287703125 0.5068896328125 0.5809130296875 0.5070292656250001 0.5815178578125 0.5068896328125 0.581704034375 0.5062271828125
2 0.5623009265625 0.5174828875 0.5631385578125 0.5169595734375 0.5636038359375 0.5161924609375 0.5627199078125 0.51525074375 0.5610912703125 0.5151460812499999 0.5601140874999999 0.5154947921875 0.5604864421875 0.5164714781249999 0.5611841937500001 0.5167504953125001 0.5623009265625 0.5174828875
2 0.593718915625 0.5160905265625 0.594880953125 0.5158365578125 0.5951716265625 0.5150379468749999 0.594880953125 0.514384425 0.5936703046875 0.5139124500000001 0.59245965625 0.513948909375 0.59163624375 0.514384425 0.592023809375 0.5152919140625001 0.592604828125 0.515727678125 0.593718915625 0.5160905265625
2 0.64611375625 0.5626381453125 0.6462751328125 0.56130853125 0.64482374375 0.5606436015625 0.6432916671875 0.5605228171875 0.6412754625 0.5614084828125 0.642968915625 0.5623360609375 0.6445009921875 0.56300074375 0.64611375625 0.5626381453125
2 0.616273478125 0.5261076390625 0.6164599875000001 0.5252700890625001 0.61576124375 0.525060515625 0.614736771875 0.5253048109375 0.614329365625 0.5259345234375 0.614876653125 0.526247271875 0.6154821421875 0.526456596875 0.616273478125 0.5261076390625
2 0.5492714953125 0.4791254953125 0.5483571421875 0.4788514390625 0.54739715625 0.4790912703125 0.5469401453125 0.47953670625000006 0.546711309375 0.48011929531249997 0.5467800921875 0.48064136875 0.5484487437500001 0.48142137968750004 0.549545965625 0.4810786203125 0.549866071875 0.4799479171875 0.5492714953125 0.4791254953125
2 0.5264130296875 0.4965498515625 0.525589946875 0.49627579375 0.5247215609375 0.49627579375 0.5242642203125001 0.49688516875 0.5254070765625001 0.49774925625 0.5267328046875 0.498126240625 0.5268244046875 0.49730381875 0.5264130296875 0.4965498515625
2 0.5049074078125 0.4663025796875 0.5054365078124999 0.4661639390625 0.50575396875 0.46568799531250005 0.50601851875 0.4652517359375 0.50575396875 0.464795634375 0.5051984125 0.4645577875 0.50437830625 0.46477579375 0.503902115625 0.46493452343749997 0.503009259375 0.46528273750000004 0.5033465609375 0.46572767812500004 0.5039550265625 0.4661837796875 0.5049074078125 0.4663025796875
2 0.5597817453125 0.41759970312499994 0.5593591265625 0.4172467765625 0.5584854499999999 0.4169057546875 0.5573892203125 0.416969990625 0.5569583328125 0.4173390375 0.5568353171875 0.4180419140625 0.557943121875 0.41881547656249996 0.5596666671875 0.4189077375 0.5599404765625 0.4181748515625 0.5597817453125 0.41759970312499994