2 0.134589946875 0.093005953125 0.1359126984375 0.09201388906249999 0.1355820109375 0.088045634375 0.1299603171875 0.078869046875 0.12665343906249998 0.077876984375 0.12466931249999999 0.0803571421875 0.12466931249999999 0.0853174609375 0.127645503125 0.0895337296875 0.13062169375 0.0922619046875 0.134589946875 0.093005953125
2 0.1577380953125 0.09920634843750001 0.1613756609375 0.09920634843750001 0.1617063484375 0.09499007968749999 0.15873015937499999 0.090277778125 0.1550925921875 0.087549603125 0.1521164015625 0.087549603125 0.1511243390625 0.08829365156249999 0.15178571406250002 0.09201388906249999 0.15410052968750002 0.09548611093750001 0.1577380953125 0.09920634843750001
2 0.16335978906249998 0.14756944375 0.1620370375 0.14236111093749998 0.1577380953125 0.13814484062500001 0.1544312171875 0.13814484062500001 0.15410052968750002 0.14112103125 0.1570767203125 0.147321428125 0.1613756609375 0.14930555625 0.16335978906249998 0.14756944375
2 0.197420634375 0.17509920625 0.19874338593750002 0.1706349203125 0.196759259375 0.16592261875 0.1917989421875 0.16220238125 0.1888227515625 0.1617063484375 0.18683862499999998 0.16319444375 0.18650793593749998 0.1679067453125 0.1888227515625 0.17088293593749998 0.196097884375 0.17534722187500001 0.197420634375 0.17509920625
2 0.20271164062499997 0.2514880953125 0.2040343921875 0.24801587343749998 0.2000661375 0.24007936562499999 0.196097884375 0.23710317500000003 0.1924603171875 0.2385912703125 0.1921296296875 0.24156746093749998 0.1954365078125 0.24751984062500001 0.19973544999999998 0.2517361109375 0.20271164062499997 0.2514880953125
2 0.18915343906249998 0.2757936515625 0.19312169375 0.27256944375000003 0.190145503125 0.264880953125 0.1855158734375 0.2584325390625 0.18187830625 0.25595238125 0.178571428125 0.255704365625 0.1772486765625 0.2571924609375 0.177579365625 0.26240079375 0.18055555625 0.26884920625 0.1855158734375 0.275049603125 0.18915343906249998 0.2757936515625
2 0.241402115625 0.2765376984375 0.24305555625 0.27430555624999997 0.24338624375 0.2708333328125 0.2387566140625 0.2606646828125 0.234457671875 0.2571924609375 0.23082010625 0.25669642812500004 0.22916666718749998 0.2581845234375 0.228835978125 0.2619047625 0.23048941875 0.265376984375 0.234126984375 0.2705853171875 0.241402115625 0.2765376984375
2 0.2179232796875 0.234126984375 0.2195767203125 0.2301587296875 0.21693121718750003 0.2229662703125 0.2132936515625 0.2199900796875 0.209986771875 0.22048611093749998 0.2073412703125 0.2232142859375 0.2076719578125 0.22718253906250002 0.209986771875 0.2301587296875 0.21362433906249997 0.2328869046875 0.2179232796875 0.234126984375
2 0.22387566093750003 0.1929563484375 0.22387566093750003 0.1889880953125 0.22056878281249997 0.181795634375 0.21693121718750003 0.1798115078125 0.215277778125 0.180803571875 0.2146164015625 0.1860119046875 0.2166005296875 0.18923611093749998 0.2199074078125 0.1917162703125 0.22387566093750003 0.1929563484375
2 0.2890211640625 0.33506944375000003 0.287367725 0.3303571421875 0.2830687828125 0.3263888890625 0.2794312171875 0.32490079375 0.27777777812500004 0.3261408734375 0.27678571406249997 0.328373015625 0.2800925921875 0.33506944375000003 0.2863756609375 0.337549603125 0.2890211640625 0.33506944375000003
2 0.2579365078125 0.374751984375 0.259589946875 0.372519840625 0.259589946875 0.369295634375 0.2552910046875 0.362351190625 0.2486772484375 0.3573908734375 0.24470899531249998 0.35838293593750004 0.2476851859375 0.3665674609375 0.2516534390625 0.3727678578125 0.2549603171875 0.375744046875 0.2579365078125 0.374751984375
2 0.284391534375 0.3487103171875 0.2827380953125 0.3477182546875 0.2800925921875 0.3484623015625 0.2804232796875 0.35243055624999997 0.2863756609375 0.3611111109375 0.2890211640625 0.35590277812500004 0.284391534375 0.3487103171875
2 0.2893518515625 0.3799603171875 0.2876984125 0.377480159375 0.2860449734375 0.3762400796875 0.2827380953125 0.37599206406249996 0.2830687828125 0.3804563484375 0.2863756609375 0.3841765875 0.2896825390625 0.38467261875 0.2893518515625 0.3799603171875
2 0.3303571421875 0.3978174609375 0.3330026453125 0.39384920625 0.3330026453125 0.389880953125 0.33101851875 0.3864087296875 0.328042328125 0.3851686515625 0.3240740734375 0.3851686515625 0.32142857187499996 0.3859126984375 0.3174603171875 0.38963293593750004 0.3171296296875 0.3943452375 0.321097884375 0.3988095234375 0.3250661375 0.40029761875 0.3303571421875 0.3978174609375
2 0.383597884375 0.521825396875 0.3869047625 0.5205853171875 0.387896825 0.519097221875 0.3875661375 0.5141369046875 0.383597884375 0.5054563484375 0.3769841265625 0.49677579375 0.3730158734375 0.49603174531249994 0.3673941796875 0.5014880953125 0.36607142812500004 0.506200396875 0.36937830625 0.51884920625 0.3730158734375 0.5210813484375 0.383597884375 0.521825396875
2 0.321097884375 0.5248015875 0.3234126984375 0.5223214281249999 0.3244047625 0.514880953125 0.3204365078125 0.5109126984375 0.31150793593750004 0.5084325390625 0.3105158734375 0.5086805562500001 0.311838625 0.512152778125 0.3174603171875 0.5223214281249999 0.321097884375 0.5248015875
2 0.4113756609375 0.515873015625 0.4113756609375 0.5116567453124999 0.4044312171875 0.5009920640625001 0.4011243390625 0.50049603125 0.3984788359375 0.5042162703125 0.3998015875 0.5101686515625 0.403769840625 0.514880953125 0.40707672031250003 0.51612103125 0.4113756609375 0.515873015625
2 0.34358465625 0.5535714281249999 0.3422619046875 0.546875 0.3379629625 0.5451388890625 0.33498677187500003 0.546626984375 0.334325396875 0.5481150796875001 0.33498677187500003 0.5535714281249999 0.3379629625 0.5570436515625 0.3419312171875 0.556795634375 0.34358465625 0.5535714281249999
2 0.43551587343750003 0.5793650796875001 0.43683862500000004 0.57762896875 0.43551587343750003 0.5716765875 0.42890211562499997 0.5664682546875001 0.424603175 0.5669642859375 0.42526454999999996 0.5739087296875 0.428240740625 0.578125 0.4322089953125 0.5801091265625 0.43551587343750003 0.5793650796875001
2 0.4384920640625 0.5639880953125 0.4388227515625 0.5605158734375 0.4322089953125 0.553075396875 0.43121693125 0.5533234125 0.43055555625 0.5575396828125 0.4328703703125 0.5612599203124999 0.43551587343750003 0.5644841265625 0.4384920640625 0.5639880953125
2 0.36607142812500004 0.45684523749999995 0.366402115625 0.4518849203125 0.36276454999999996 0.44717261875 0.358796296875 0.44618055625 0.35846560781250003 0.450148809375 0.35978835937500003 0.45362103125 0.36276454999999996 0.45634920625 0.36607142812500004 0.45684523749999995
2 0.3882275125 0.4982638890625 0.3892195765625 0.49652777812500004 0.3885582015625 0.493799603125 0.383597884375 0.4895833328125 0.38062169375 0.4898313484375 0.3799603171875 0.4925595234375 0.38194444375000003 0.49652777812500004 0.383597884375 0.49776785781250005 0.3882275125 0.4982638890625
2 0.4874338625 0.646329365625 0.48875661406250004 0.643105159375 0.484126984375 0.6334325390625 0.48082010625000005 0.631200396875 0.4768518515625 0.6336805562500001 0.47718253906249997 0.640376984375 0.48015872968749995 0.644097221875 0.484126984375 0.64657738125 0.4874338625 0.646329365625
2 0.42559523749999995 0.618799603125 0.4292328046875 0.6135912703125 0.428571428125 0.60987103125 0.4232804234375 0.6044146828125 0.41865079375 0.6029265875 0.41732804218749997 0.6039186515625 0.4166666671875 0.606894840625 0.41832010625000005 0.612103175 0.421626984375 0.6170634921875 0.42559523749999995 0.618799603125
2 0.43948412656249997 0.6830357140625 0.44080687812499997 0.6820436515625 0.44113756562499995 0.67782738125 0.4391534390625 0.6708829359374999 0.43551587343750003 0.6666666671875 0.4322089953125 0.666170634375 0.43055555625 0.6676587296875 0.43022486718749997 0.67237103125 0.4322089953125 0.6773313484375 0.43518518593750005 0.681795634375 0.43948412656249997 0.6830357140625
2 0.5082671953125 0.7140376984375 0.509259259375 0.7100694437499999 0.50562169375 0.703125 0.5016534390625 0.700396825 0.49801587343750003 0.7018849203124999 0.4983465609375 0.705853175 0.5009920640625001 0.7105654765625 0.5049603171875 0.7142857140625 0.5082671953125 0.7140376984375
2 0.4424603171875 0.7239583328125 0.4424603171875 0.7204861109375 0.43948412656249997 0.7132936515625 0.43551587343750003 0.7095734125 0.43386243437500005 0.709325396875 0.43187830624999995 0.709325396875 0.43022486718749997 0.7120535718750001 0.43121693125 0.71825396875 0.43551587343750003 0.724454365625 0.4391534390625 0.7259424609375 0.4424603171875 0.7239583328125
2 0.18915343906249998 0.2765376984375 0.19345238125 0.2728174609375 0.19345238125 0.26909722187499996 0.1894841265625 0.26240079375 0.18584656093750002 0.2576884921875 0.1822089953125 0.2552083328125 0.178571428125 0.2549603171875 0.1765873015625 0.25694444375000003 0.1765873015625 0.2614087296875 0.17989417968750002 0.268601190625 0.1851851859375 0.275049603125 0.18915343906249998 0.2765376984375
2 0.48776454999999996 0.8005952375 0.484126984375 0.8020833328125001 0.4831349203125 0.8072916671874999 0.49007936562500004 0.8244047625 0.49801587343750003 0.8345734125 0.5016534390625 0.8358134921874999 0.5049603171875 0.833829365625 0.5066137562499999 0.8271329359375 0.5115740734374999 0.8211805562500001 0.5112433859375 0.8137400796875 0.5079365078125 0.8058035718750001 0.5003306875 0.7958829359374999 0.491071428125 0.778521825 0.48776454999999996 0.775545634375 0.4857804234375 0.7757936515625 0.48511904687499996 0.7770337296875 0.4867724875 0.7834821421875 0.4950396828125 0.79737103125 0.4923941796875 0.8005952375 0.48776454999999996 0.8005952375
2 0.537367725 0.8271329359375 0.5383597890625 0.825148809375 0.5376984125 0.8211805562500001 0.5327380953125 0.8142361109375 0.5291005296875 0.8134920640625 0.528769840625 0.8179563484375001 0.5304232796874999 0.8211805562500001 0.5353835984375 0.8263888890625 0.537367725 0.8271329359375
2 0.58167989375 0.8214285718750001 0.58068783125 0.8167162703124999 0.5767195765625 0.811755953125 0.5744047625 0.8102678578125 0.5710978843750001 0.8102678578125 0.571759259375 0.8174603171875001 0.5744047625 0.8216765875 0.578042328125 0.8241567453125 0.58167989375 0.8214285718750001
2 0.6130952375 0.8861607140625001 0.6160714281249999 0.8829365078125001 0.61276455 0.875248015625 0.6081349203124999 0.871527778125 0.60582010625 0.8712797625 0.6028439156250001 0.8730158734375 0.6028439156250001 0.8792162703124999 0.6054894187500001 0.8841765875 0.609126984375 0.8869047625 0.6130952375 0.8861607140625001
2 0.6835317453124999 0.9776785718750001 0.6828703703125 0.9702380953124999 0.6772486765625 0.9615575390625001 0.6749338625 0.9598214281249999 0.671626984375 0.959325396875 0.6679894187500001 0.9623015875 0.66832010625 0.9702380953124999 0.671626984375 0.9761904765624999 0.6749338625 0.978670634375 0.6835317453124999 0.9776785718750001
2 0.46825396875 0.6292162703125 0.46825396875 0.6264880953125 0.46494709062500006 0.622519840625 0.4632936515625 0.6212797625 0.4619709 0.62177579375 0.46031746093750003 0.6230158734375 0.46164021093749996 0.6269841265625 0.4669312171875 0.630704365625 0.46825396875 0.6292162703125
2 0.5049603171875 0.658730159375 0.5016534390625 0.656994046875 0.5 0.659226190625 0.500661375 0.6626984125 0.5052910046875 0.6634424609375 0.5066137562499999 0.6612103171875 0.5049603171875 0.658730159375
2 0.4143518515625 0.650939484375 0.4187030421875 0.65216245 0.41924702343750003 0.6496349203125 0.4173974875 0.64661805625 0.41310085937499996 0.6449632937499999 0.412284721875 0.6463732640625001 0.4133726859375 0.6486564984375 0.4143518515625 0.650939484375
2 0.406736771875 0.6507762890625 0.40738955 0.6483303578124999 0.40630191875 0.6459657734375 0.4046699734375 0.64414756875 0.40227678593749994 0.6445796125000001 0.40162400781249996 0.6466994046875 0.403799934375 0.6505317453125 0.406736771875 0.6507762890625
2 0.3685853171875 0.614711309375 0.3710651453125 0.6178712796875 0.3737103171875 0.6196061515625 0.3775959 0.6194821421875 0.3787529765625 0.6161981640625 0.377513228125 0.6140297625 0.375611771875 0.611117559375 0.3736276453125 0.608081596875 0.369825065625 0.60807266875 0.3683373015625 0.6086391375 0.3676759265625 0.61105555625 0.3685853171875 0.614711309375
2 0.458799934375 0.6681701390625 0.46084193124999995 0.669465278125 0.46272685156250004 0.67005381875 0.46484722187500005 0.6699360125 0.465318453125 0.66858209375 0.4649259265625 0.6661098703125 0.4635906078125 0.6640493546874999 0.4606848546875 0.66298983125 0.45964417968750004 0.6632688484375 0.45934953749999996 0.6646381453125 0.4591140875 0.66587425625 0.458799934375 0.6681701390625