2 0.45344378281250003 0.43118377968750005 0.45777248750000005 0.430555803125 0.455398809375 0.42752058593750003 0.4488356484375 0.42375272812500003 0.4408763234375 0.41893824375 0.4295654765625 0.413076884375 0.42118716875000006 0.40920436562500007 0.4185340609375 0.4101463296875 0.41856878281250004 0.412005953125 0.42356084687499995 0.417054315625 0.43305654687499995 0.42375272812500003 0.44352943125 0.4282532234375 0.45344378281250003 0.43118377968750005
2 0.489137896875 0.416134671875 0.48904695781249996 0.4147748015625 0.4875049609375 0.41389112031249997 0.48578174531249996 0.41409499062500005 0.4850558859375 0.4150017359375 0.4858723546875 0.41606671562499997 0.48732374375000004 0.41661061562499996 0.489137896875 0.416134671875
2 0.6132549609375 0.42310838281249996 0.6121974203125 0.4221326890625 0.6104074078124999 0.42201091249999995 0.6098379625 0.42292063437499994 0.61105853125 0.423962053125 0.6126855156250001 0.42408407812500004 0.6132549609375 0.42310838281249996
2 0.7089682546875 0.47132862031249995 0.709597884375 0.4700302578125 0.708259590625 0.4688501984375 0.706527446875 0.46867311562499997 0.7057404093749999 0.470207340625 0.7061339281250001 0.471092509375 0.7071574078125 0.4716235125 0.7089682546875 0.47132862031249995
2 0.5417893515625 0.465870784375 0.54293055625 0.46490401718749996 0.5427321421875 0.46408606093750004 0.5415413359375 0.46341666718749996 0.5403508593749999 0.4635282734375 0.5392595906250001 0.4643834328125 0.5396068125 0.464978421875 0.540251653125 0.4656103671875 0.5417893515625 0.465870784375
2 0.5711570765625 0.4675438984375 0.5714546953124999 0.4664657734375 0.5704626328125 0.46598239062499996 0.56917295 0.4656103671875 0.5679325390625001 0.46620535781249994 0.5687265218750001 0.46717212343750003 0.5698177906249999 0.46761830312499997 0.5711570765625 0.4675438984375
2 0.6240360453125 0.48753571406249996 0.6250251328124999 0.48665550625 0.624468915625 0.4857286703125 0.6230469578125 0.4853115078125 0.62170238125 0.4858782234375 0.6220578703124999 0.48670163750000006 0.6229851187500001 0.487396825 0.6240360453125 0.48753571406249996
2 0.84667625625 0.5466946921875 0.8481875000000001 0.5460811015625 0.84913194375 0.5451842765625 0.8480615078125 0.5440987109375001 0.8463614421875001 0.5438154765625 0.8443462296875 0.54395709375 0.84327579375 0.544917659375 0.8437165999999999 0.5457036203125 0.844723875 0.5462698406250001 0.84667625625 0.5466946921875
2 0.9490532406250001 0.594574653125 0.9455267859375001 0.5924032734375 0.9440783734375 0.59155381875 0.942944775 0.5907514875000001 0.9416855156249999 0.5905625 0.940299934375 0.5904682546875 0.9394183203124999 0.59155381875 0.9391035046875 0.593016865625 0.9402526453125001 0.5944491562499999 0.943196759375 0.59589608125 0.9465343921875 0.5964154265625 0.948612434375 0.59566021875 0.9490532406250001 0.594574653125
2 0.9540982140625 0.665477678125 0.9548022484375001 0.66329141875 0.9546011906249999 0.6619345234375 0.9519861109375001 0.6605776296875 0.9498740078125 0.6612562 0.947661375 0.6618591265625 0.950075065625 0.663668403125 0.9511815468749999 0.6646485609375 0.9540982140625 0.665477678125
2 0.6497804234375 0.5274637890625 0.650641865625 0.526420634375 0.6497139546875 0.5254270828125 0.6472615734375 0.5248807046875 0.645472221875 0.5258100203125 0.6462013890625 0.52681795625 0.6475932546875 0.5274141859375 0.6497804234375 0.5274637890625
2 0.6244619703125001 0.5359089781249999 0.6249255953125 0.535064484375 0.624196759375 0.5345677078125 0.6226061515625 0.534120784375 0.622075728125 0.535064484375 0.6224070765625 0.5357103171875 0.6233349875 0.5360580359375 0.6244619703125001 0.5359089781249999
2 0.5766584 0.5074434531249999 0.5772546296875001 0.5064995046874999 0.57626058125 0.5054563484375 0.5747361109375 0.5054563484375 0.5737420640625001 0.505953125 0.5745373671875 0.506748015625 0.575465278125 0.5071951890624999 0.5766584 0.5074434531249999
2 0.63224966875 0.51568204375 0.6311226859375 0.5151356640625 0.6295985453124999 0.51483755 0.6288029093749999 0.51642733125 0.6305925921875 0.5172219734375 0.6319844578125 0.5167251984375001 0.63224966875 0.51568204375
2 0.6151828703125 0.5277338796875 0.6155803578125 0.5265416671875001 0.614917659375 0.52609449375 0.6136584 0.52609449375 0.6128300265625 0.526928571875 0.6132605812499999 0.5277834828125 0.6138571421875 0.5281810515625 0.6151828703125 0.5277338796875
2 0.6348369703125 0.517831596875 0.635336309375 0.51739136875 0.6354537031249999 0.51677505 0.6349252640625 0.5164888390625 0.634132275 0.5165329859375001 0.6334861109375 0.51677505 0.633244046875 0.517418403125 0.6336035046874999 0.5177876984374999 0.6338974875 0.51789756875 0.6348369703125 0.517831596875
2 0.599924271875 0.4900771328125 0.6009847890625 0.48928249062500007 0.601421296875 0.488487846875 0.6009222890625 0.48792683593749997 0.5995502640625 0.48783333281249996 0.5984275796875 0.48816046562500004 0.5976792328125 0.4888149796875 0.5976167328125 0.4893291171875 0.5984275796875 0.4899370046875 0.599924271875 0.4900771328125
2 0.667546296875 0.46110267812499994 0.668384259375 0.4603638390625 0.6679900796875 0.45940327343750004 0.666067790625 0.4587013890625 0.6645396828125001 0.45899677656250004 0.6643425921875 0.45999429531249997 0.6640466265625 0.460585565625 0.665722553125 0.46125049531249995 0.667546296875 0.46110267812499994
2 0.547226190625 0.47606175625 0.5482542984375 0.4759290671875 0.5487503312500001 0.4752115578125 0.548608796875 0.47441468281250004 0.5478998015625 0.4738834328125 0.546730159375 0.4739365078125 0.5460565468749999 0.4742021328125 0.5452767859375001 0.47483978125000004 0.5456312828125001 0.4754241078125 0.5462691796875 0.47563665625 0.547226190625 0.47606175625
2 0.5450287703125001 0.48222544687499996 0.546340278125 0.4819330359375 0.5469074078125 0.4812157734375 0.54630489375 0.48047197343750003 0.545170634375 0.48012648750000003 0.5437880296875 0.480259425 0.5430082671875 0.4807110609375 0.5431501328125 0.48145486093749995 0.54382374375 0.48187996093749996 0.5450287703125001 0.48222544687499996
2 0.673480159375 0.5381555062500001 0.6725687828125 0.5376428578125 0.6716570765625 0.5376001984375 0.6711299609375 0.5382929062499999 0.6718849203125 0.539094990625 0.6730244703125 0.5388387890625 0.673480159375 0.5381555062500001
2 0.7029970234375 0.5786681546875 0.70503670625 0.5783338296875 0.706056546875 0.5774739578125 0.70561045 0.576470734375 0.70465443125 0.5758018359375 0.7030608468749999 0.5758018359375 0.701913690625 0.576040675 0.700766534375 0.5764352671874999 0.7010214953125 0.5772827375 0.7019775125 0.57799925625 0.7029970234375 0.5786681546875